2.191980845553046287e+00  -3.898611333802371459e-01  -6.071090277686421732e-01
2.058609925748017933e+00  -4.372568299369783973e-01  -6.462074623063358558e-01
1.845641863066695754e+00  -4.842662246745959576e-01  -6.452300011805537361e-01
1.664682850158379246e+00  -5.217578536185089044e-01  -6.202070026527247704e-01
1.529518344409712016e+00  -4.978228765430410263e-01  -5.563201585118356940e-01
1.368652339996419665e+00  -4.370319432261859371e-01  -5.179880513502304051e-01
1.165776324546724529e+00  -3.448414386708926749e-01  -4.461157413516264603e-01
8.845161092305601214e-01  -2.245252066683194880e-01  -3.785558341856458120e-01
6.094035969612630055e-01  -4.090358281973799359e-02  -2.891468421254984045e-01
3.379796854567457820e-01  1.621292930222709150e-01  -2.110649236746408308e-01
9.535804137860037777e-02  4.418108533615186517e-01  -4.203315593009998574e-02
-1.299822460468865182e-01  7.024796894831047966e-01  1.082589490836665808e-01
-3.183646169365220158e-01  9.238829143991932336e-01  2.228707318858583475e-01
-4.845722406706848284e-01  1.001008896733271980e+00  2.427647551837124884e-01
-6.108859108281932127e-01  1.037998516178551656e+00  2.547011698460144302e-01
-7.132632165113204081e-01  1.060192291856552727e+00  3.351725903015635999e-01
-7.746895992196751735e-01  1.129224519271467830e+00  4.323284889758203797e-01
-8.115454302499157668e-01  1.226359770752535328e+00  5.639315943920818475e-01
-8.336589274631721613e-01  1.377500815798514910e+00  6.428934583038062867e-01
-8.469270258001910801e-01  1.514615393243431640e+00  6.658340507318962764e-01
-8.548878840829802206e-01  1.615456115868387110e+00  6.551618856867568175e-01
-8.596643997375266188e-01  1.675960582991057102e+00  6.243220607579028636e-01
-8.625303077783579297e-01  1.702977251701353723e+00  6.791277367569226175e-01
-8.642498539848103567e-01  1.747045247324016559e+00  9.075033307199498189e-01
-8.386924809423099703e-01  1.764200039847194423e+00  1.313330449077368733e+00
-7.967689590744159167e-01  1.765206917245278229e+00  1.801191933759578756e+00
-7.450257458879061545e-01  1.710095108537116992e+00  2.582639274309038946e+00
-7.139798179755790786e-01  1.630598059473844508e+00  3.809039868652588812e+00
-6.953522591571140721e-01  1.499325934010065309e+00  4.862555027557974974e+00
-6.841757238541802399e-01  1.383418686293041322e+00  4.932624095380927720e+00
-6.774698019875882160e-01  1.230300421521176135e+00  4.266006374821751379e+00
-6.734462509285250587e-01  1.054855559914677610e+00  3.377305292023563332e+00
-6.710321196120694331e-01  8.010127935547246558e-01  2.770775078869943897e+00
-6.429945421017119189e-01  5.187032798983702842e-01  2.138055218200927587e+00
-5.995828941361763809e-01  2.750296446515552717e-01  1.636240695989520599e+00
-5.469468073278992426e-01  4.525154968537158096e-02  1.237405881026806709e+00
-5.153651538827028755e-01  -1.297592663095460119e-01  8.514858460153532649e-01
-4.698270624091937520e-01  -3.276256571082835634e-01  4.977512035792824308e-01
-4.159151081485343293e-01  -5.113474218558194950e-01  2.366373812277692279e-01
-3.569788354596261093e-01  -7.051543961601773880e-01  1.044056087660467924e-01
-2.950279738624499992e-01  -8.957265034727617259e-01  -4.824302165576174750e-02
-2.312683567885583658e-01  -1.075071706493289758e+00  -2.375782906702905983e-01
-1.398343874302514500e-01  -1.229108772040382602e+00  -4.489255426353029321e-01
-5.838490469780711206e-02  -1.321531003969694806e+00  -6.001704162680499000e-01
7.025208386350378920e-02  -1.376984343140692513e+00  -7.153538657102206377e-01
2.272015748524196244e-01  -1.400970348516602071e+00  -8.089004585460410901e-01
4.277276681025210525e-01  -1.406075960303270866e+00  -8.894649381387246256e-01
6.278106263520856212e-01  -1.409139334089462459e+00  -9.866766634510985012e-01
9.871622903500403279e-01  -1.299545501459826502e+00  -1.069440213019120067e+00
1.468664299316335464e+00  -1.075927367742473439e+00  -1.021352258771408783e+00
1.890510994055113470e+00  -8.303245903814588935e-01  -8.703168804287112481e-01
2.063851707873115338e+00  -6.922489033204362041e-01  -6.330765244016351989e-01
2.008321534249660090e+00  -6.651194423175086357e-01  -4.662957780940012453e-01
1.868647038018693252e+00  -6.488417657165700403e-01  -3.662273309633224394e-01
1.731664164963777175e+00  -6.483611471581979258e-01  -3.794958316318570724e-01
1.622885322381231399e+00  -6.480727753493326082e-01  -4.363299804586930897e-01
1.557618030675419707e+00  -6.293277727807308208e-01  -4.459939445118313861e-01
1.438690327058696372e+00  -5.809368135659523924e-01  -4.029192772315640103e-01
1.260977323179644616e+00  -5.054722862888793022e-01  -3.037649079144985054e-01
1.021404007960853733e+00  -4.230496095548348379e-01  -2.442722877266683690e-01
7.713036385301874631e-01  -3.271660504091198352e-01  -2.085767162538500197e-01
5.148870116726420587e-01  -2.046339832963399163e-01  -2.115958938890082630e-01
2.812697366905392848e-01  -5.682681892077473540e-02  -1.645343547287753394e-01
3.474297340157553315e-02  9.685940963926563396e-02  -8.742438510201483437e-02
-2.195294863018983356e-01  1.797851549936260729e-01  -1.672188234504387583e-02
-4.518602589325769747e-01  2.666845611456537535e-01  5.013614204645162886e-02
-6.178478232752978583e-01  3.559681685520683647e-01  1.391240033308608903e-01
-7.174403632461863189e-01  4.931122457819666072e-01  2.902628124123573516e-01
-7.771958879636524653e-01  6.218286432271432629e-01  4.298191447323170267e-01
-8.130492027873484906e-01  7.454884307773055330e-01  5.135529420986413296e-01
-8.345611882218145761e-01  9.032582329046167091e-01  5.149201734382850004e-01
-8.474683815347899829e-01  1.062922029350156006e+00  5.157405122458701419e-01
-8.552126989081031416e-01  1.223722236474621194e+00  5.162327168724994975e-01
-8.598592907179793965e-01  1.338774316079485383e+00  5.409645621763616852e-01
-8.626472430596525687e-01  1.417091575405132309e+00  5.802401918749495735e-01
-8.643200158334584104e-01  1.482653913865320083e+00  7.748612130696311828e-01
-8.653236795230595524e-01  1.494133362782794627e+00  1.062689509281855127e+00
-8.659258790859266641e-01  1.473163057855686464e+00  1.406442152817076963e+00
-8.396980973882883781e-01  1.442008905434310151e+00  1.588257236138809869e+00
-7.973723268741383929e-01  1.423316387162434804e+00  1.550727125172371990e+00
-7.453877672460491599e-01  1.449244855324508308e+00  1.357153396856097594e+00
-7.141970293908527223e-01  1.390513998110917582e+00  1.094390012500432663e+00
-6.954825873588211804e-01  1.243843616809498842e+00  9.611685084631172993e-01
-6.842539214747337395e-01  9.886935470164921469e-01  8.079260310214205765e-01
-6.775167240082999864e-01  7.241716267709038535e-01  6.915440301959850933e-01
-6.734744055327559487e-01  4.354546161065541154e-01  5.239687355431614790e-01
-6.710490137577111991e-01  1.415065332212112337e-01  3.989870396230030813e-01
-6.695937772909432706e-01  -1.648661790438955554e-01  3.239980193663607455e-01
-6.421315374319369607e-01  -4.044057475826221548e-01  2.545680839960985931e-01
-5.990650927218306165e-01  -6.038454279006221226e-01  1.151640299691830127e-01
-5.200470271295328795e-01  -7.420812182887920327e-01  -9.066101712438773275e-02
-4.460470862653151958e-01  -8.807386276714556095e-01  -3.119021354431316673e-01
-3.750580223431621008e-01  -1.010363036470939058e+00  -4.690833276096186277e-01
-3.058754845713422821e-01  -1.143853613549158155e+00  -5.878285640344166341e-01
-2.111877627874679808e-01  -1.261091924171944934e+00  -6.590757059030583065e-01
-7.460783000079287963e-02  -1.359292864687405178e+00  -7.262605176341843105e-01
8.710743012012527042e-02  -1.436785418572533501e+00  -8.154444490495815767e-01
2.639038847247753283e-01  -1.483280964331924912e+00  -9.178278549837355360e-01
4.763381576908813364e-01  -1.492606322377244776e+00  -1.003694408790601456e+00
7.101551209356457006e-01  -1.461057564775821715e+00  -1.079650882657490207e+00
1.009979908417041328e+00  -1.321410428342905119e+00  -1.149661299015642069e+00
1.508943956387542862e+00  -1.070474317542249088e+00  -1.118357979934341273e+00
1.941267880101772647e+00  -8.363387503344037466e-01  -1.001829880689752317e+00
2.174073119698531897e+00  -6.865714192764785784e-01  -8.097303969731274309e-01
2.074454408987984610e+00  -6.709989426502777077e-01  -6.944707182793290468e-01
1.934915881600330456e+00  -6.802274341903158383e-01  -6.253149090620595540e-01
1.984138262165509925e+00  -7.229084907874611110e-01  -6.082579460452555153e-01
2.625220958672850102e+00  -7.763750956894924782e-01  -6.224602914394202768e-01
3.355528871497001742e+00  -7.991690691896100596e-01  -6.309817007019967727e-01
3.660768142940238334e+00  -7.849874837160016883e-01  -6.116580217146493359e-01
3.126005997191446451e+00  -7.207625892071199969e-01  -5.267542440469442644e-01
2.273366735631336066e+00  -6.265117100024361063e-01  -4.269389323929092539e-01
1.522481262005129565e+00  -5.328172200981313722e-01  -3.426132255760815370e-01
9.124153952654335820e-01  -4.301705764271608889e-01  -2.675812789734740016e-01
4.400194620636193599e-01  -3.128666503466815962e-01  -2.225621082837485609e-01
7.681460554124522333e-02  -1.496243928255559241e-01  -1.466775601806657725e-01
-2.208756058735458216e-01  8.761081478886369178e-02  -7.671030843456774773e-02
-4.526679325461178127e-01  3.320978309782503524e-01  1.414308650443119042e-02
-6.183324274524863995e-01  5.159340013536706238e-01  9.309164558324578564e-02
-7.177311237199670568e-01  5.890917454566569900e-01  1.893338270940466972e-01
-8.039594436265266042e-01  6.237004011796043468e-01  2.959521821741442626e-01
-8.822855370542387332e-01  7.280395060717826938e-01  3.843597209057400543e-01
-9.292811910138057963e-01  8.927888619776811474e-01  4.374042414087576658e-01
-9.574785820308531203e-01  1.065926413625324809e+00  4.447944325676552180e-01
-9.743970152465050161e-01  1.188380914053656090e+00  4.492285438550806531e-01
-1.011137169066414376e+00  1.252567636306141541e+00  4.274524894740760472e-01
-1.006592166790107878e+00  1.272507680086454096e+00  4.143868554813494587e-01
-9.772760674197578101e-01  1.284471713075528765e+00  4.554205235204313307e-01
-9.330973152951342886e-01  1.291650126164340051e+00  6.999694365410281671e-01
-9.065900578085768213e-01  1.295957167308576352e+00  9.933179262677402921e-01
-8.906857019156766420e-01  1.279969415851231362e+00  1.267073108173095930e+00
-8.811430911567480484e-01  1.251804761972604263e+00  1.358016648381709546e+00
-8.488284259957435962e-01  1.216334006936290013e+00  1.339273195437509889e+00
-8.294396248345780043e-01  1.111477637739320290e+00  1.156971465327292892e+00
-7.912172447281110577e-01  9.464179387233372376e-01  9.009712853436350199e-01
-7.682838146051346184e-01  7.266642287242561782e-01  6.496250899717718186e-01
-7.279346591859525706e-01  4.926661158091872328e-01  4.743808516019517030e-01
-7.037251645739349692e-01  2.129773954135552594e-01  3.447977853928091974e-01
-6.891994684740774257e-01  -7.555370928876324610e-02  6.091592779642154287e-01
-6.804840522373546419e-01  -3.229602941398316829e-01  7.922126878423778606e-01
-6.486657009921856787e-01  -4.806902364985474740e-01  8.776082112347319830e-01
-6.029855922383025035e-01  -6.031861735096569754e-01  4.889880998483375207e-01
-5.489884241256565156e-01  -7.323996755764766720e-01  1.091969025803796317e-01
-5.165901246571042993e-01  -8.935017010137552562e-01  -2.408604311093412997e-01
-4.705620441858293646e-01  -1.055164852929412422e+00  -4.997678760419965172e-01
-3.897669964050605174e-01  -1.198592691133321786e+00  -6.795488640956276472e-01
-2.615226688458444637e-01  -1.312507353591178427e+00  -8.118539787572941480e-01
-1.048087727588339624e-01  -1.399428127213289796e+00  -9.156735707493983689e-01
4.239776148457591320e-02  -1.442294593243960144e+00  -1.002401843013187577e+00
1.838998842876892470e-01  -1.458728481416179612e+00  -1.030002287255915361e+00
3.219793581561178897e-01  -1.450016838187734081e+00  -1.046562568754814349e+00
4.845943421761969017e-01  -1.444789879090644158e+00  -1.080935242498952897e+00
7.151088316547276058e-01  -1.330221813204846226e+00  -1.150431885669669585e+00
1.066130305997620598e+00  -1.103619132783877799e+00  -1.143256819061026608e+00
1.383099599953004022e+00  -9.026555791925842120e-01  -1.065642236029461953e+00
1.599870262567803181e+00  -8.006494359125935212e-01  -9.213273974907066899e-01
1.623576295732886532e+00  -7.951616924863401659e-01  -8.347384861911162357e-01
1.584621705773764377e+00  -7.825830556745775324e-01  -7.827851366706647385e-01
1.534659860715022583e+00  -8.121798325931163243e-01  -8.004861747324178989e-01
1.478093641847485040e+00  -8.485098789262752739e-01  -8.111067962156333078e-01
1.444153896687387917e+00  -8.424499378024601359e-01  -7.930426486322526003e-01
1.344022762437987684e+00  -7.923840233686726409e-01  -7.333311136669830033e-01
1.204176774025832231e+00  -7.344865037629907389e-01  -6.730676721974330201e-01
9.873236971297519871e-01  -6.533180388686030682e-01  -6.124730813959275988e-01
7.242663436515945907e-01  -5.303290399469524630e-01  -5.516798050808546794e-01
4.334864359478332041e-01  -3.822477185498943109e-01  -4.663307908522530409e-01
1.792511914163107400e-01  -1.819670443513353164e-01  -3.906848632096383556e-01
-2.646815583041865066e-02  3.106126352573803512e-02  -2.964242581659964348e-01
-2.030779629818053322e-01  2.145941901232476523e-01  -2.154313753321373537e-01
-3.888111465016417800e-01  2.875699833909201031e-01  -1.423991207249268587e-01
-5.534292550462219795e-01  3.220694701303623564e-01  -7.414324664246800534e-02
-7.053783231090797745e-01  3.520551522298375202e-01  -3.318972094778165766e-02
-8.231368640247060942e-01  4.443344848763539634e-01  4.025543811630129254e-02
-9.203810900532024553e-01  5.925619866754920917e-01  8.432253545001364148e-02
-9.521385214437048106e-01  7.929303714950689530e-01  1.596358389958963397e-01
-9.446038808839409828e-01  1.033869278871381470e+00  1.803873010387855857e-01
-9.134939950728343527e-01  1.224862579097447668e+00  2.417112212624270562e-01
-9.214171664390710115e-01  1.376602503469782190e+00  2.785055747439254548e-01
-9.261710678967667310e-01  1.421216511699127327e+00  3.005821847906662847e-01
-9.290234101428274105e-01  1.466556892778163146e+00  2.893916303116936262e-01
-9.041457153793619472e-01  1.465903153857474051e+00  3.804233856811080616e-01
-8.892190978342766616e-01  1.437652949637892030e+00  5.572250562625449266e-01
-8.802631266374963959e-01  1.355700873682260665e+00  7.854886705569490424e-01
-8.748895439137238661e-01  1.287957672079202309e+00  8.735737961202932889e-01
-8.450762942014967694e-01  1.256597729111201378e+00  8.286787779622727390e-01
-8.005992470417890861e-01  1.200637831195920713e+00  6.551226305766219005e-01
-7.739130180827931138e-01  1.074201971433784042e+00  5.021158978054128807e-01
-7.579012834553024991e-01  8.497646041621385038e-01  3.614388103843672595e-01
-7.748833392990753799e-01  6.036702946902779976e-01  2.525960361084209072e-01
-7.584834747886386452e-01  3.445818326857578162e-01  1.384173240942824512e-01
-7.486435539938939288e-01  7.769687401475712518e-02  2.103705164476479469e-02
-7.161505014598382735e-01  -1.660080139633481611e-01  -7.382763572362351090e-02
-6.966546706018015289e-01  -3.865188687919701160e-01  -1.796194935001581283e-01
-6.583680733990975309e-01  -5.559693409536998754e-01  -2.919676503108275534e-01
-6.088070149895915550e-01  -7.226415568643108633e-01  -4.326861139756301156e-01
-5.524812784809816080e-01  -8.876468257242104976e-01  -5.904267590829874734e-01
-4.920967371707354876e-01  -1.051651906937525416e+00  -7.339441938831845480e-01
-4.292769122761846412e-01  -1.196484898039055667e+00  -8.689276998381506578e-01
-3.384068185456884925e-01  -1.311242650909598018e+00  -9.987908341752119723e-01
-2.307065607359531645e-01  -1.407955283603190555e+00  -1.101145247511303271e+00
-8.631910925451109773e-02  -1.484554859527684734e+00  -1.186994420744441836e+00
8.008066119478352007e-02  -1.530514591641821909e+00  -1.238503937606542094e+00
2.330987229373133185e-01  -1.530232476740177150e+00  -1.244973106160729648e+00
4.046768602535205650e-01  -1.502205240211410331e+00  -1.273291121648462365e+00
6.139801409413264688e-01  -1.401814982135543453e+00  -1.314718458877763618e+00
9.522749245679336116e-01  -1.183718986435601916e+00  -1.315138340043234821e+00
1.288197266169114341e+00  -9.785734562510933765e-01  -1.193207666338105266e+00
1.542928867839275631e+00  -8.462001702237891276e-01  -1.022303167957552938e+00
1.695767837149722235e+00  -8.317781245229169951e-01  -8.953239532040071502e-01
1.760882120712593535e+00  -8.045529142310001713e-01  -8.680094646484057819e-01
1.746772501744343176e+00  -7.789317999846993024e-01  -8.516207728975895286e-01
1.605361205716649975e+00  -7.728451201743578025e-01  -8.662240789925752527e-01
1.440747140953406724e+00  -7.691931129768341258e-01  -8.749860633344423988e-01
1.262211408055423867e+00  -7.391439357049645054e-01  -8.802432532279653721e-01
1.075322667355709250e+00  -6.468265079793001915e-01  -7.856514784737942403e-01
8.568330357358592275e-01  -4.985761491127686518e-01  -6.555868440133177932e-01
6.193828460340558006e-01  -3.074800408387876605e-01  -5.531115414937087804e-01
3.971454340307374875e-01  -9.067648290822645507e-02  -5.160628797680385516e-01
1.574465892090227970e-01  1.136935718613534541e-01  -4.693971609008189549e-01
-6.614001807638766883e-02  2.641735743386928181e-01  -3.925246818133366622e-01
-2.800592820153516294e-01  3.730335559971950654e-01  -2.975281527423667693e-01
-4.615890405519216255e-01  4.662075172544367097e-01  -2.405302325602241276e-01
-5.970959949516335685e-01  5.685418450912352872e-01  -1.818949593056201353e-01
-7.049892669741776308e-01  6.670864027945460073e-01  -1.467137936448587865e-01
-7.697252294884449064e-01  7.262131367546051930e-01  -1.256050960931409666e-01
-8.085668069823981341e-01  7.988331381641154971e-01  -1.129398772308476961e-01
-8.318717528297939756e-01  9.259790659057109963e-01  -8.090422281691769801e-02
-8.458547210288819285e-01  1.141556479208505337e+00  -3.724630645862726103e-02
-8.542444998939491274e-01  1.335904856446967104e+00  -1.105155725767422228e-02
-8.858674693460051319e-01  1.461799856756775373e+00  -1.977123040426202044e-02
-9.048412510066781156e-01  1.490906906535242937e+00  -4.943955726033216064e-02
-9.162255206939063923e-01  1.517657127827068519e+00  -9.167707724282456172e-02
-8.964669803289306849e-01  1.552279256891641923e+00  -1.927349852862929314e-02
-8.846118554350113072e-01  1.545194546598263718e+00  1.463512630793112335e-01
-8.509096824895331368e-01  1.475941800551052951e+00  3.679087370056070005e-01
-8.306883780348259805e-01  1.360102221505030462e+00  4.519701756331239162e-01
-7.919664973555705645e-01  1.244168537057085633e+00  6.001531289122423729e-01
-7.687333654685061246e-01  1.100320391609299620e+00  1.348849029345535300e+00
-7.282043883539537354e-01  8.840076343823548566e-01  2.189050910904671632e+00
-7.038869999660271048e-01  6.520740864234733092e-01  2.522116384896778030e+00
-6.892965683481441230e-01  4.571980177988411720e-01  1.964423467044392302e+00
-6.805423107506692881e-01  3.031284196601859438e-01  1.214386843006669103e+00
-6.752897555149951492e-01  1.363987383998439828e-01  7.154918208007818858e-01
-6.721382230450396733e-01  -4.721298172669305404e-02  3.428452188421605151e-01
-6.702473021578750911e-01  -2.409539279696253367e-01  -2.925346125305995724e-03
-6.425236523187803916e-01  -4.407724061542277472e-01  -2.836972553503321892e-01
-5.993003630095303791e-01  -6.349514138156985288e-01  -4.521603988606121005e-01
-5.467772886501148788e-01  -8.071747609210908614e-01  -5.532382876736883226e-01
-5.152634433504033051e-01  -9.662246949351098735e-01  -6.627580660180909522e-01
-4.697660354086152790e-01  -1.108084633292293342e+00  -8.017795019417757185e-01
-4.158784926301341001e-01  -1.258202502771724962e+00  -9.585019215664978276e-01
-3.303677660700934937e-01  -1.376131221546031957e+00  -1.076971913528821378e+00
-2.258831299464448827e-01  -1.446888412561947446e+00  -1.172490435294359923e+00
-5.683594862281127896e-02  -1.461484779721127447e+00  -1.229801566690807091e+00
1.243596583680038753e-01  -1.451670610465282119e+00  -1.288624739528917207e+00
3.394334201303403908e-01  -1.427210152902977702e+00  -1.323918656819113471e+00
5.748340782405434446e-01  -1.366103914505353067e+00  -1.393968042729732293e+00
9.553763863242663579e-01  -1.171578340658955275e+00  -1.411561173478941056e+00
1.369825453160535167e+00  -9.527170953250724272e-01  -1.348807461265123298e+00
1.087817851579000905e+00  -5.339552076031303107e-01  -8.567238012951536863e-01
