1.110814799890809390e-01  7.725799072027215164e-01
2.196080480703912485e-01  5.335426673716298085e-01
4.016987176800552173e-01  2.683356933788365595e-01
3.195991690976502930e-01  1.212041279090982221e-01
2.520709145667930362e-01  -3.211784988793753293e-01
3.278584684356064538e-01  -7.513077472246575406e-01
3.303478901484100949e-01  -1.028372385001812273e+00
3.471791008056890337e-01  -1.308551800747560057e+00
2.663968587889998796e-01  -1.440268974827807691e+00
2.321718412232757212e-01  -1.383550555425917317e+00
3.026849742909338836e-01  -1.383740861730570426e+00
6.541448678065457656e-02  -1.335272869928856299e+00
-5.107723714653916725e-02  -1.092467372982429685e+00
-1.674436015285339086e-01  -9.351977044245762816e-01
-4.544784567964411104e-01  -8.167813629214379922e-01
-4.947469638977199935e-01  -6.520435990105474255e-01
-6.381377464671613708e-01  -3.683500837968757269e-01
-8.623915693410193484e-01  -1.953257340193997882e-01
-8.850067887362530472e-01  -2.240842931619480699e-02
-1.064948333166764627e+00  4.166222836449976624e-02
-1.346417596992505405e+00  4.035602940412441608e-02
-1.470605062003388364e+00  -4.780614436558873470e-02
-1.545181103943224610e+00  -1.664686355887041724e-01
-1.684112201025859346e+00  -1.257174359020246379e-01
-1.831800705808242391e+00  -2.129121543699268593e-01
-1.893663489452919846e+00  -3.804888234066940988e-01
-1.767154699477943458e+00  -3.970270690445569239e-01
-1.614274367283835332e+00  -2.129575798217926141e-01
-1.580589686366338453e+00  -2.479203402370291076e-01
-1.554100861659186483e+00  -1.366183956170019809e-01
-1.462563550280046032e+00  1.699071987445510135e-01
-1.289413700044528488e+00  5.257664539649666846e-01
-1.129634487344692850e+00  8.603694567054301912e-01
-1.085579521385593216e+00  1.241748601031429144e+00
-9.234255435260300127e-01  1.761422602572035645e+00
-5.860449063497954469e-01  2.077134632472332765e+00
-4.611438470689787628e-01  2.198610555666995037e+00
-2.799349439414080543e-01  2.411801269602093623e+00
3.127164877354967482e-02  2.513064620813524996e+00
2.107431474376759706e-01  2.453793445293510622e+00
4.296021390925629513e-01  2.356449988949199437e+00
6.472720342513609282e-01  1.984142622199555284e+00
9.042503555557316330e-01  1.635268983997838044e+00
1.151493849668536740e+00  1.247141248251419254e+00
1.215830368385645510e+00  8.381779245825929925e-01
1.293280020174043310e+00  4.869734681008854316e-01
1.519457870065348715e+00  1.183735136512989450e-01
1.698273959494192020e+00  -1.727750987393814053e-01
1.743879777128492181e+00  -4.179515899669272172e-01
1.693338453365406115e+00  -4.134153041367929493e-01
1.593793296228596779e+00  -3.242358334097888428e-01
1.718331358705238454e+00  -4.370106079933266385e-01
1.745438376405058722e+00  -4.615962442026533274e-01
1.675042575636364273e+00  -2.569292388853579023e-01
1.541791432651013150e+00  -8.437535700744089318e-02
1.269478030241277589e+00  3.559242259144481529e-02
1.175347553761011632e+00  6.052127737650515177e-02
1.181119390408204906e+00  -3.647588042869324282e-02
9.869354982118038189e-01  -9.229631563564700408e-03
7.422127305482761894e-01  -2.319090907036392216e-02
5.714924378153954931e-01  -1.985344544328433714e-01
4.467297320603185184e-01  -3.962709149852239876e-01
3.555690763373361429e-01  -7.316088411390740953e-01
1.100177081240839988e-01  -1.105269267674257705e+00
-2.875558423707846520e-02  -1.193216188636558206e+00
-2.300235582064972389e-02  -1.346937092968820027e+00
-8.056113646231077841e-02  -1.522670826468432104e+00
-2.047500006014540408e-01  -1.351331111218781134e+00
-3.344250047356878697e-01  -1.198198203560398412e+00
-2.917300879801353330e-01  -1.067248531406876033e+00
-3.496409350310746289e-01  -8.431941279665758904e-01
-4.426040183872553824e-01  -5.436944429284805702e-01
-4.055895943032571394e-01  -3.682386414370781291e-01
-4.314700896901495497e-01  -1.597589220794312370e-01
-3.104179414805307013e-01  2.553737557004591707e-01
-2.235071446387738858e-01  5.093123761900507640e-01
-1.153263296752123912e-01  6.415727414941911899e-01
-1.730010709252940287e-02  6.874378368275808615e-01
4.165891191830300294e-02  8.023326325495524491e-01
2.268384481457760837e-01  8.374684551921194320e-01
2.584309858857980480e-01  4.906556785857132397e-01
2.855415364214740070e-01  1.246083036852932702e-01
3.810994289458483619e-01  -7.208511527628493065e-02
4.202505261650640866e-01  -3.999190126582260474e-01
3.507316473534957124e-01  -7.224843546500023805e-01
2.985543713994289750e-01  -8.543816262852883536e-01
2.694768936292619155e-01  -1.015559566862894725e+00
2.706947591968296707e-01  -1.256081329123249768e+00
3.167603743267370930e-01  -1.436883393410460563e+00
2.694647566716551479e-01  -1.395968803676900238e+00
1.191603129422758450e-01  -1.344966853758805314e+00
-8.983051732577201909e-02  -1.174599380031787321e+00
-2.405644501071512731e-01  -8.507756995753967821e-01
-4.046174461615049123e-01  -6.515744484025727257e-01
-5.332378074878423302e-01  -4.515428900033613413e-01
-7.074499779815169864e-01  -3.287552663546828846e-01
-8.871810976237693991e-01  -1.788933517906012571e-01
-9.815272456198983475e-01  6.144408198820484196e-02
-1.172883168600064030e+00  1.212846928336795554e-01
-1.394976515948460838e+00  -1.997804300436854114e-02
-1.459735825735378301e+00  -1.410484498873479375e-01
-1.480477035883122738e+00  -1.261814919893943787e-01
-1.539749593584367027e+00  -2.598703077733122146e-01
-1.695125131925179218e+00  -4.259315108896544744e-01
-1.729209464648755468e+00  -4.571292102839179528e-01
-1.615268731664757151e+00  -4.242716908804571307e-01
-1.573651023510316715e+00  -3.662506734038863954e-01
-1.632092866386899654e+00  -2.414640017061320254e-01
-1.650915467262494829e+00  -8.361004022689863535e-02
-1.569624870384754622e+00  2.122133038065281974e-01
-1.479594954788314487e+00  6.345871823770751208e-01
-1.255963697351720754e+00  8.991415993579467969e-01
-1.091158456818853484e+00  1.252846643235328683e+00
-8.622509071306765360e-01  1.776853300906186428e+00
-6.668478025586579427e-01  2.136947193957161151e+00
-4.969655894227875681e-01  2.341473118944795484e+00
-2.488484787166130308e-01  2.458454152534301329e+00
3.770049345882570558e-03  2.393479712768861400e+00
3.376211026851608787e-01  2.234255666111667260e+00
4.656729040652048957e-01  2.086472163407055547e+00
7.031345438176684892e-01  1.891770625112033199e+00
1.042154788229540552e+00  1.524919772303290566e+00
1.127550515513722207e+00  1.166535076245136748e+00
1.195845949824526411e+00  8.873162464920982817e-01
1.448072554424188363e+00  5.594539704448623363e-01
1.666512602523027908e+00  3.044880186502442743e-01
1.632843588003430435e+00  -3.081430308037097499e-02
1.678454127632011739e+00  -3.504844857461486551e-01
1.729001205320679357e+00  -4.584224886970100776e-01
1.771983182926597733e+00  -4.025976600525831284e-01
1.845973275821259918e+00  -4.345637174713850581e-01
1.778161790723777003e+00  -3.637437324177809073e-01
1.619781225096381672e+00  -2.274443589424324230e-01
1.439266258859279501e+00  -9.422099388553993593e-02
1.433851210707639545e+00  1.409176982051794924e-01
1.291964444734265971e+00  1.530629077345549982e-01
1.029035884042057702e+00  5.723340618348880804e-02
8.445242789319153953e-01  7.838086713081232268e-03
6.836061276308557089e-01  -6.416018937346062989e-02
6.477415203416717615e-01  -2.659855967733135707e-01
5.889869624723479413e-01  -5.520511330101465219e-01
3.162152841789571123e-01  -7.383344969649812128e-01
1.315558290932156982e-01  -9.616017330315800304e-01
8.847775091992049479e-02  -1.135012189243075120e+00
-8.711272732340516467e-02  -1.252763800667136662e+00
-1.762186449011911293e-01  -1.499201681372832162e+00
-2.190721847521725218e-01  -1.491004658202342847e+00
-3.018179783999139776e-01  -1.266577731346467228e+00
-3.627066035328864735e-01  -1.157457386875073713e+00
-4.664907591044085144e-01  -9.865372512955061790e-01
-4.823544733040298071e-01  -7.299746296742560814e-01
-3.977745971762353672e-01  -4.523696327136604300e-01
-3.508203603625903999e-01  -5.794558408848878017e-02
-3.528200089058641797e-01  3.094825881231977882e-01
-1.976678703558121808e-01  5.915953954576946838e-01
-4.344643182476744941e-02  6.410612841901327519e-01
-3.753445761724119589e-02  7.789631968601195000e-01
-9.656901888060252792e-03  9.181197618844521013e-01
7.070024040873990057e-02  8.245247845331726833e-01
2.317943812339584020e-01  6.543960200123937199e-01
3.366017347088155476e-01  3.216120297478120005e-01
4.255050272650307552e-01  -6.890616828385739967e-02
4.540714655814921952e-01  -3.230423941283855349e-01
4.104161005675630025e-01  -7.123790661118547529e-01
4.038751253219083348e-01  -1.161088802246542873e+00
4.383673187352732925e-01  -1.322257653993026416e+00
3.474800126385031995e-01  -1.376425322245554250e+00
2.597793353211873546e-01  -1.445288933837704848e+00
1.917351445136032395e-01  -1.514362076068946905e+00
9.069903457221530074e-02  -1.416310042974405325e+00
-1.394966079980443537e-02  -1.209661100007161316e+00
-1.785571907992862806e-01  -9.264865601301385256e-01
-2.907612626916711296e-01  -7.082774308462143065e-01
-5.050158106072030195e-01  -4.508737124183835876e-01
-6.698870187397885090e-01  -1.314839276067555629e-01
-8.402930557343964990e-01  -1.397807219728783579e-01
-1.018958252219187122e+00  -1.163190600905763400e-01
-1.148890393810808153e+00  9.836875576330314508e-02
-1.211176546539756149e+00  4.468568273916220801e-02
-1.235338770112489160e+00  -1.415859809264123359e-01
-1.516072183259199901e+00  -1.131555714113712113e-01
-1.657538501553577515e+00  -1.571889470512206344e-01
-1.601274021286847704e+00  -2.518416297416848360e-01
-1.594049829776993166e+00  -4.263156414303786446e-01
-1.741749568532124925e+00  -5.157202441548679461e-01
-1.861380820460067920e+00  -3.304889293019264151e-01
-1.813179185391529336e+00  -2.163669664868940745e-01
-1.649634171761995560e+00  -5.179678539074604460e-03
-1.439084980210224129e+00  2.917884059600477364e-01
-1.430168557699365239e+00  6.386338616035042159e-01
-1.310077662218364081e+00  9.535434981556604184e-01
-9.914862610333713411e-01  1.290537505561424103e+00
-7.781833295858655575e-01  1.710814608306842066e+00
-5.630845811690150526e-01  2.066338703368782337e+00
-2.812754580793407344e-01  2.342179392392121251e+00
-7.598488469393634148e-02  2.476804669272534287e+00
1.161241223173971049e-01  2.518790161914415737e+00
3.841954836237584936e-01  2.439535285065004278e+00
5.012016220930818333e-01  2.142040536876529622e+00
6.947693324240817869e-01  1.789268564189794075e+00
9.862255413613686406e-01  1.648246282993974576e+00
1.071808660830102067e+00  1.348940309644381053e+00
1.315971350715749111e+00  8.196748985121591335e-01
1.522999171257201967e+00  4.923449814359324161e-01
1.554540606809904357e+00  2.162348587726525273e-01
1.662693754647802447e+00  -1.504836888190508593e-01
1.707919716195029691e+00  -3.408116979552841541e-01
1.628038005993518444e+00  -3.625264083951242333e-01
1.596555070463083537e+00  -4.697717362693412668e-01
1.675363494770361283e+00  -5.242647379328021495e-01
1.646573252676194921e+00  -4.013006042584753019e-01
1.549627783782642432e+00  -2.839086691598240453e-01
1.563544350865581078e+00  -2.167375372687851132e-01
1.389630206398513534e+00  -1.241092595780180774e-01
1.261374363448738212e+00  -3.625644535006715928e-03
1.123574478370371610e+00  9.073647045536618883e-02
8.203621252309206691e-01  7.380605506181044106e-02
6.654321991087807087e-01  -1.416018458522294021e-01
5.950478885148169361e-01  -4.185717391724898540e-01
5.595793143957178417e-01  -5.655802588961612587e-01
4.450635592433602183e-01  -7.551976941398927945e-01
2.109592736827189952e-01  -9.732573747894486260e-01
8.340693415409330957e-02  -1.180317767438281651e+00
-5.799542773439601839e-02  -1.305365717546693283e+00
-2.613133553512506091e-01  -1.337730187994121467e+00
-2.369836592913901752e-01  -1.398552350351001339e+00
-3.197198341193941973e-01  -1.298874970260232020e+00
-3.774815718288320188e-01  -1.100207923827837719e+00
-2.801053020045194963e-01  -8.119525333875183826e-01
-3.984773310230557697e-01  -5.833750358453689833e-01
-4.417880099887821488e-01  -2.983880096747621447e-01
-3.590105966315255137e-01  1.343614819819899386e-01
-2.220765631983108168e-01  3.342610257309122090e-01
-7.796036373768169825e-02  4.976381575358779230e-01
5.461738255974963284e-03  7.309060776028394324e-01
8.688618529807362600e-02  9.011718932130974302e-01
1.764045403932636424e-01  8.289122028500471862e-01
1.316173369765725187e-01  6.893200186706159860e-01
1.127966387909234841e-01  5.275306653327207496e-01
2.384862844167918439e-01  1.748416206242280890e-01
3.067777837642536864e-01  -2.133336714447457427e-01
4.013822408542757625e-01  -4.379098766403234366e-01
3.595529483206403865e-01  -7.497682223412984737e-01
2.405739890520037227e-01  -9.913911085364160991e-01
3.378642491749705989e-01  -1.048497341094893454e+00
4.359785624867730802e-01  -1.191763599627847503e+00
2.868807566511735185e-01  -1.394420220884975858e+00
1.354148663744245418e-01  -1.548718855322867016e+00
3.986162594149444960e-02  -1.391989638950947406e+00
-9.553115709468046335e-02  -1.122200118863993179e+00
-2.034020011209039525e-01  -9.639280379332043625e-01
-2.493700287171401186e-01  -8.563350746205310449e-01
-4.733206311745064010e-01  -5.318079353126722308e-01
-6.834701798401855433e-01  -1.812520066199153068e-01
-8.699490093711100824e-01  -7.596597720697005618e-02
-1.132636539885981009e+00  -9.722463188764494946e-02
-1.157636632885524985e+00  -5.840545598825105933e-02
-1.268773714872878156e+00  -7.080727799767289922e-03
-1.356281928244708723e+00  -3.320687693109245636e-02
-1.499554422117329144e+00  -1.198990487632166785e-01
-1.757999192600103289e+00  -1.560105976979527798e-01
-1.789278747787478752e+00  -3.027147186755046460e-01
-1.833552620126159383e+00  -4.812998962906022138e-01
-1.877766085040928790e+00  -4.081510685574856745e-01
-1.734527164888101769e+00  -2.880454241999207410e-01
-1.692671929670569231e+00  -2.367752453491328846e-01
-1.690826467335785788e+00  -5.185044419403281833e-03
-1.570053429291797364e+00  2.877715969582750888e-01
-1.360444273142608962e+00  6.007641256673588170e-01
-1.149654810401206539e+00  9.703246003600907166e-01
-9.593936669219013114e-01  1.286464016819037770e+00
-8.482322056479447703e-01  1.666444174241819010e+00
-7.532136670095573860e-01  2.078646708427759560e+00
-5.367861567450007421e-01  2.404016087419138969e+00
-2.297772712403555462e-01  2.478911672998240778e+00
9.029180866099287273e-02  2.519191145467175375e+00
2.416719690821434452e-01  2.542475309271146067e+00
3.720171955071153724e-01  2.353607945625335152e+00
5.774114598527823050e-01  2.031285595853905335e+00
9.194056171915804265e-01  1.565495430382564779e+00
1.114879691210149737e+00  1.165703026012668175e+00
1.173201594222134103e+00  7.712916072430042735e-01
1.309556801683323890e+00  4.591894169493248024e-01
1.501733035497559765e+00  1.500420296868476555e-01
1.692860485225365030e+00  -2.129697644498999842e-01
1.666756570962051098e+00  -3.650421247221244947e-01
1.720879070377391074e+00  -4.688241366908823538e-01
1.798352751629491708e+00  -5.193488156629485486e-01
1.697879063179424275e+00  -3.867721771093022287e-01
1.573204850510202979e+00  -2.003745619995907223e-01
1.493705724710897575e+00  -8.927589851321524050e-02
1.457829190136549657e+00  -1.258308541069096675e-01
1.414914369445211539e+00  -1.290753533311716217e-01
1.255266794759332338e+00  -1.934187419971682143e-02
9.757592639498996467e-01  -2.578554722679410501e-03
8.988075350276366615e-01  4.182994402742949008e-02
7.783667943553510549e-01  -1.380060503708846475e-01
5.104066443984864865e-01  -3.837437055320521706e-01
4.019680972847267109e-01  -4.651106031400455976e-01
2.961430196109550161e-01  -7.685667170323956521e-01
2.244628086133040878e-01  -1.043995148450870714e+00
1.084299551966237535e-01  -1.221601039167723002e+00
-1.431748712013974356e-01  -1.469501839462743042e+00
-2.364000763712395814e-01  -1.540133679988864746e+00
-2.188657822064666303e-01  -1.491551469926572837e+00
-2.419873190304341337e-01  -1.314480622936043952e+00
-2.407513175893485347e-01  -1.075247823312712070e+00
-2.250648693451780535e-01  -8.633933724977737034e-01
-2.391979300092391403e-01  -5.328903196910391715e-01
-2.517112855511399738e-01  -1.572368325607631789e-01
-1.832720933863696555e-01  1.576256933910430702e-01
-1.553250198783364955e-01  3.768749777508643151e-01
-1.300232455708490442e-01  5.258917275888344012e-01
-1.528676481128580199e-02  6.347996068133461289e-01
3.957722362643225494e-02  7.400357943678326222e-01
2.413518105592231747e-02  7.643751840854906554e-01
9.183601465862795132e-02  7.193918843433427801e-01
2.287017894198503931e-01  5.431655940057495968e-01
2.200883073768941101e-01  2.899902562671729522e-01
2.371044441576899697e-01  -4.397994809892790541e-02
3.804230856125011551e-01  -4.608236826961228383e-01
4.126881890938706721e-01  -7.072971909878515984e-01
4.063512728611704539e-01  -9.563668059339688332e-01
3.396052037858953709e-01  -1.234147929622881223e+00
2.947505812985775631e-01  -1.288062352757773255e+00
2.693580926208548609e-01  -1.279702055614670320e+00
5.646135532372944382e-02  -1.340853431189707790e+00
-1.703006283970942558e-02  -1.280289752134575521e+00
-8.762336427875348777e-02  -1.035656492847728538e+00
-3.116773778552309193e-01  -8.351006726454962559e-01
-3.607284135985955320e-01  -7.852816859467497412e-01
-4.243368398016912901e-01  -4.856069047840140263e-01
-7.252903256667622145e-01  -2.566391359796268978e-01
-8.748097509420953433e-01  -1.354046165392144285e-01
-1.011887612014671145e+00  1.219529986172092767e-01
-1.122809354636521428e+00  1.785972090558443359e-01
-1.290138154882552346e+00  2.854272557065873350e-02
-1.420608898053895341e+00  -5.239451921059284922e-02
-1.488244349939814803e+00  -1.155704800489773809e-01
-1.635417952071784198e+00  -3.376848208424158559e-01
-1.745676817892437116e+00  -4.520211452100535987e-01
-1.866973446824978122e+00  -5.162988226248470536e-01
-1.783356895881746951e+00  -5.829316294446473812e-01
-1.622776064491281423e+00  -3.748719937186838491e-01
-1.563180674661984959e+00  -2.162064180950828141e-01
-1.505452952649042997e+00  -2.508508279727729700e-03
-1.446689115359586220e+00  3.909097302817569064e-01
-1.406515100016246800e+00  6.013860181173601438e-01
-1.308022102144369203e+00  8.646533942785039617e-01
-1.149064896697432392e+00  1.288582178302498438e+00
-9.538275332952897978e-01  1.676439317811244445e+00
-6.316950233247056179e-01  1.905210507947739274e+00
-4.288087010107296537e-01  2.138786642964900508e+00
-3.200969618422415675e-01  2.327430560005314675e+00
2.569811740854865620e-02  2.345732067536479892e+00
2.656243447147002001e-01  2.252953372443514457e+00
4.681032835531342418e-01  2.079408247923532738e+00
7.215567431197390524e-01  1.857017035012894723e+00
1.008544833333840263e+00  1.658941288130735492e+00
1.148354825082932296e+00  1.411309305595346730e+00
1.181526441529410887e+00  8.882210746431206116e-01
1.391445977843704052e+00  3.858369981377375857e-01
1.486670027135474026e+00  6.727546712697088371e-02
1.619528162548651506e+00  -9.590396248977753335e-02
1.796609470912574169e+00  -1.608031257362173561e-01
1.838740095082297188e+00  -2.830435520839898467e-01
1.740496924268284618e+00  -3.549700385819776205e-01
1.654172175938106282e+00  -3.713702450732557780e-01
1.643439842018897368e+00  -3.262893920340219633e-01
1.648468038668102764e+00  -2.042510459088679453e-01
1.503323744365306247e+00  -1.932482324817653141e-01
1.254791415064153703e+00  -1.493687609143077299e-01
1.222342679395292731e+00  6.925667431378636218e-02
1.082623436824393881e+00  2.487581835413447268e-02
8.217937734741229683e-01  -1.952765117439943798e-01
6.394283380025513885e-01  -1.697787252648163547e-01
5.367997704763829425e-01  -1.898141477075849237e-01
3.885743744089605878e-01  -5.555359898529877993e-01
1.741254388154872546e-01  -9.210855640481550033e-01
6.155328087929964193e-02  -1.085610109218563712e+00
-1.772947384469788709e-02  -1.150941404883790042e+00
-1.750126016602053247e-01  -1.222235214860277530e+00
-2.271171942610525907e-01  -1.417575659210011940e+00
-3.201104458944208919e-01  -1.381247379588757207e+00
-4.148779855897754554e-01  -1.302300421247566176e+00
-3.423114435681869905e-01  -1.306899973468343523e+00
-3.245649057811975102e-01  -1.059060854880758296e+00
-4.100280696502252020e-01  -6.432829035042090249e-01
-3.407587730300391526e-01  -2.009790592149259258e-01
-2.124693167398132576e-01  5.960846852090504605e-02
-2.879856547811203704e-01  2.131228585281452204e-01
-1.755213850167503531e-01  5.454080021046705529e-01
8.990657372923682375e-03  7.512184884942521013e-01
-3.805586777532947440e-02  7.674940609104193845e-01
7.049558670697331220e-02  7.633307866239059658e-01
1.902823172686204933e-01  6.483471935083040538e-01
1.590094743546637546e-01  4.755541550001227136e-01
3.031296613143406038e-01  1.287480034068275714e-01
3.125698025095970944e-01  -1.875746257293709196e-01
2.658002819637625969e-01  -4.549468527536646989e-01
2.730841451210203052e-01  -6.811176161339079771e-01
2.293592447162537129e-01  -8.685870388086639471e-01
3.226451883326086345e-01  -1.240822532692406277e+00
3.288101374199093874e-01  -1.537131843308448209e+00
1.756013686866133849e-01  -1.448942358384909923e+00
1.108096768009106912e-02  -1.385029448502265614e+00
1.717473743823474258e-02  -1.419384385545352067e+00
-8.539036323127772998e-02  -1.282660366621608095e+00
-3.029987676656423212e-01  -9.357044350178757020e-01
-4.306111636757635197e-01  -6.758835414840933531e-01
-6.294487830130194306e-01  -5.895727108114572346e-01
-7.031463412987383199e-01  -3.341542480656131686e-01
-8.033917315331535747e-01  -6.953602249704499139e-02
-9.131444023543006105e-01  -3.076172985621681427e-02
-1.055257542766578016e+00  6.344355268962396065e-03
-1.368102448577039887e+00  1.260010918044708328e-01
-1.546666962266695755e+00  -2.183256289257190508e-02
-1.577552896021377382e+00  -2.876904669101459366e-01
-1.690766582281842290e+00  -2.738411159329947608e-01
-1.805855862391170019e+00  -3.339448261811386320e-01
-1.745993606069010884e+00  -4.233080908423765831e-01
-1.648533853544351224e+00  -4.446555816411271733e-01
-1.696474742147158654e+00  -4.368546506612684399e-01
-1.663302319533288998e+00  -2.308838095721668093e-01
-1.523673093426041181e+00  -7.933040530967536141e-03
-1.498342934656379244e+00  3.048098128135595108e-01
-1.400212076871128142e+00  7.342982430200776234e-01
-1.187590158101639259e+00  1.096988378570447287e+00
-1.036301761326823723e+00  1.351857532505623904e+00
-8.890845404919465178e-01  1.676697070915728061e+00
-7.256094958273100470e-01  2.078156830744347872e+00
-4.354345668245174772e-01  2.330220397817550637e+00
-8.818066155843125309e-02  2.332107151274652512e+00
5.976676800164435616e-02  2.395527828204513376e+00
2.389808320662965002e-01  2.362587632552828332e+00
4.342620572498428477e-01  2.081222921128428105e+00
5.922044415845799659e-01  1.827488434173474730e+00
9.504952653630920345e-01  1.520635389320938335e+00
1.243846574975142838e+00  1.192014595768062124e+00
1.263777093133003682e+00  7.711870415984048988e-01
1.460691647290216055e+00  3.363949554208078840e-01
1.611779360492169744e+00  9.379297201023872876e-02
1.540692963106207847e+00  -1.560031979976370109e-01
1.687585032629995707e+00  -3.983284057789976962e-01
1.729773509576484791e+00  -5.474946429760430000e-01
1.765997825842949842e+00  -5.448951463311313415e-01
1.829344427630978265e+00  -4.174898005449614868e-01
1.646036522311207007e+00  -2.433493025859367054e-01
1.486274501205093523e+00  -1.103618785677896591e-01
1.396478021920272150e+00  -1.599743876032865275e-01
1.272934353498314186e+00  -1.166993938980954021e-01
1.139022064944393176e+00  -7.459877834583034106e-02
9.705771138622901750e-01  -1.643811578160659093e-01
8.215351147474815319e-01  -1.422269346281523350e-01
8.161220778257824993e-01  -1.186382172346987507e-01
7.273305559260548891e-01  -3.710428334324072375e-01
4.959141895129844935e-01  -6.150143595526429419e-01
3.170769210107541869e-01  -8.277157572930979867e-01
9.539113191728916530e-02  -1.153551553564915011e+00
-5.556847597785696119e-02  -1.333030881900675535e+00
-1.067624456902120517e-01  -1.418636504782503360e+00
-1.816847775407393617e-01  -1.363813662214741651e+00
-3.086076613829274451e-01  -1.310519907440139686e+00
-3.973412780289480306e-01  -1.228094231159831962e+00
-4.102321986065596282e-01  -1.067965962565940341e+00
-3.800367862191404433e-01  -9.515503932426254696e-01
-3.361954805730081874e-01  -5.874543554145360558e-01
-2.794723135401070979e-01  -1.192338810154847523e-01
-2.819749915134187601e-01  1.230138615334323698e-01
-3.300093173524666912e-01  2.765134519762169063e-01
-2.771692171225262902e-01  5.843678320396740178e-01
-2.179783670553101516e-01  7.827340109385965139e-01
-8.414225950962622713e-02  7.312890651699419653e-01
8.341872169045130847e-02  7.753063239958208896e-01
9.737295955808182579e-02  7.683496086959906712e-01
5.783553550497436135e-02  5.287258868707946924e-01
2.418155694223332597e-01  2.076899773971541963e-01
4.013793028803215313e-01  -1.240969976281116327e-01
2.989349796177824259e-01  -5.502438210425113496e-01
3.660966343422776270e-01  -7.661276332006022871e-01
4.327250214800250627e-01  -1.030582015405693275e+00
3.428303080367805511e-01  -1.298330113051210821e+00
2.687693331193273805e-01  -1.340106606201084682e+00
1.413599117037060149e-01  -1.434626977861753749e+00
7.430123065248651903e-02  -1.364280716915006408e+00
-6.641871935707290009e-02  -1.231825684919809039e+00
-1.032841564334441992e-01  -1.066997713382261459e+00
-2.408423291766621510e-01  -8.067915461654018294e-01
-4.226472672649545514e-01  -6.770493961417228812e-01
-5.455919277668543899e-01  -6.029942101258343179e-01
-6.662104068389560485e-01  -3.735242240407269376e-01
-8.072932488865288692e-01  -1.604341628533739184e-01
-9.875537010314399122e-01  1.010809901128855749e-02
-1.071064453482594159e+00  -3.204555578108050679e-04
-1.303240374680960212e+00  -1.125144431829439018e-01
-1.433459209750462371e+00  -1.375413549504435340e-01
-1.449247460087108808e+00  -1.116743730272943824e-01
-1.588126096168789969e+00  -2.622795600200265032e-01
-1.650022128711162717e+00  -3.871620996792076719e-01
-1.728683885171778956e+00  -2.976307900367350379e-01
