0.000000000000000000e+00  1.000000000000000056e-01  6.000000000000000000e+00  7.411967612643971526e-02  1.493863658569394071e+00  1.461377517084080591e+00
1.000000000000000000e+00  1.199999999999999956e-01  6.000000000000000000e+00  6.268948516708068575e-02  1.486809598624801332e+00  1.454902812833052783e+00
2.000000000000000000e+00  1.439999999999999891e-01  9.000000000000000000e+00  8.835411111159445496e-02  1.486809592844567263e+00  1.505466153287087883e+00
3.000000000000000000e+00  1.727999999999999814e-01  1.100000000000000000e+01  1.266783307140886272e-01  1.442612551587912018e+00  1.472776943884538614e+00
4.000000000000000000e+00  2.073599999999999610e-01  1.200000000000000000e+01  1.363600624767629943e-01  1.333120266921355324e+00  1.295624656878787473e+00
5.000000000000000000e+00  2.488319999999999421e-01  1.000000000000000000e+01  1.463633677050890092e-01  1.179408565207659798e+00  1.013702075332025165e+00
6.000000000000000000e+00  2.985983999999999305e-01  8.000000000000000000e+00  1.834461780961791355e-01  1.136908792864721685e+00  1.068510328624624695e+00
7.000000000000000000e+00  3.583180799999999278e-01  5.000000000000000000e+00  2.212561713340673031e-01  7.287289816783111274e-01  7.885691767668923102e-01
8.000000000000000000e+00  4.299816959999999133e-01  3.000000000000000000e+00  2.908508548762696599e-01  5.379605216093479303e-01  7.129281579811180825e-01
9.000000000000000000e+00  5.159780351999998516e-01  2.000000000000000000e+00  3.054605189602337956e-01  6.681510718637349022e-01  8.060487033211222174e-01
