3.112573987971027911e-01  -1.493549744062219409e+00  -3.046483102367958384e-01
-2.648533449181341565e-02  -1.488386217698113967e+00  -3.798859863167984852e-01
-3.053869376059824559e-01  -1.470945038733421306e+00  -4.832180484019760192e-01
-4.727279008778793035e-01  -1.417451203069328702e+00  -6.292687219973959190e-01
-5.731324815111503712e-01  -1.313639653860077861e+00  -7.233646228196063399e-01
-5.571192688311673580e-01  -1.222666625212659897e+00  -7.862876572778478845e-01
-5.220926835676567013e-01  -1.139396695309446095e+00  -8.369724699197376161e-01
-3.358554814750168149e-01  -1.046405595519805942e+00  -8.738488534871569069e-01
-2.368224862438531308e-01  -6.750638219480091795e-01  -9.024401769322957234e-01
-1.519840384450292237e-01  -1.940838385019367784e-01  -9.131294756929602130e-01
-1.264996238952339758e-01  2.666207612018072215e-01  -9.195430549406767851e-01
-8.579032201398320567e-02  4.856713190700456262e-01  -8.910637292840011270e-01
2.181894781351389600e-03  5.597294479959058489e-01  -8.351831606780935058e-01
1.312211873710411036e-01  5.754782255918585721e-01  -7.887238288958606791e-01
3.230287051528800690e-01  5.418983393900256296e-01  -7.737792198020529977e-01
5.016598481505053497e-01  5.074073587792532480e-01  -7.906744355673043234e-01
6.978038202546663626e-01  4.867127683661031656e-01  -8.137425549616149612e-01
1.069676740189895892e+00  5.460112680173695443e-01  -8.275834252520857248e-01
1.508859052063781681e+00  6.246195198878246035e-01  -8.423534461243415983e-01
1.734240456226860960e+00  7.148136237556185213e-01  -8.447499606279149642e-01
1.831341303839121082e+00  7.402439835746260632e-01  -8.461878720276924115e-01
2.054823082232074771e+00  7.841883013059561813e-01  -8.470506154964170253e-01
2.303296087018518623e+00  8.105548933061960115e-01  -8.152407883997883076e-01
2.172774710309820279e+00  8.694039985342540966e-01  -7.638274128784890982e-01
1.624216768817507983e+00  9.333995532948918816e-01  -6.812554277747641107e-01
1.028186146847612337e+00  1.072198242561085868e+00  -5.799882722168587801e-01
6.451491222969123474e-01  1.155477470402205720e+00  -4.287110472489464863e-01
4.661642165896753287e-01  1.162415866605227333e+00  -2.280312933002806575e-01
3.587732703508243470e-01  1.109206678918039479e+00  3.461745439337320096e-02
3.324666862700130787e-01  1.034252010839203928e+00  3.926370542969530586e-01
4.437760003100926220e-01  9.462500565639762051e-01  8.596031171916876934e-01
5.613988998537504660e-01  8.217336504623653504e-01  1.340213109060729213e+00
4.921700427943959122e-01  7.470237979524981808e-01  1.693234074104235320e+00
1.964461912030218971e-01  8.025992408275023360e-01  1.846857204756591653e+00
-1.335000439704902842e-01  1.036747220748425624e+00  1.842048640002616366e+00
-3.695957659611796564e-01  1.177235990350827821e+00  1.768043027179373894e+00
-5.112531963743877084e-01  1.175470958843690905e+00  1.678381215192441767e+00
-6.089569813288397970e-01  1.002295324884981076e+00  1.572860156095791107e+00
-6.421605981380128503e-01  7.549594543858014761e-01  1.483685551506711997e+00
-6.875014244800385921e-01  3.627260569904739995e-01  1.397853312191380981e+00
-6.638686119848693501e-01  -1.164458409200320871e-01  1.320492006203749513e+00
-6.751075786642455334e-01  -5.330364351981800031e-01  1.280540696372556742e+00
-7.326882655415173362e-01  -7.686477422387257841e-01  1.256569897013377624e+00
-8.816206049416857038e-01  -8.526423248213402806e-01  1.222790935509397103e+00
-1.072654641240864182e+00  -8.313238198015953095e-01  1.034420702057724073e+00
-1.263531021313282876e+00  -8.328757663130443856e-01  7.532956805395768507e-01
-1.441603485800142304e+00  -9.342082750317892703e-01  4.294487795203822955e-01
-1.484900330867357843e+00  -1.109752186231034665e+00  2.092786590304206995e-01
-1.409203808708686445e+00  -1.243764626627251513e+00  3.838361507652635063e-02
-1.033343415158088474e+00  -1.324172104467735700e+00  -8.354989501096439508e-02
-2.994540868899105424e-01  -1.372416604771000470e+00  -2.084339628778493214e-01
2.933914154133603347e-01  -1.401363325346835831e+00  -3.092263870546902438e-01
4.584588200682032100e-01  -1.418731337266276871e+00  -3.244433759451488819e-01
7.454484150199802706e-02  -1.414809101655074119e+00  -3.852975324525630407e-01
-2.701874847726487006e-01  -1.398112676770591145e+00  -4.735339868275608155e-01
-4.643175538128685997e-01  -1.359408743115144702e+00  -6.299237830853620101e-01
-5.553769430411032992e-01  -1.278814150726920618e+00  -7.366886514534531916e-01
-6.227219060967812414e-01  -1.201771336945691715e+00  -8.007475697692183481e-01
-5.868729214849190967e-01  -1.126859542772182365e+00  -8.585794080165776165e-01
-5.018168942606652250e-01  -1.010197218457617563e+00  -9.062095015978367529e-01
-3.363993339151679640e-01  -6.533387844679129364e-01  -9.347875577464842545e-01
-2.625674532437988207e-01  -2.097349144557712763e-01  -9.454688968236629742e-01
-2.055589981329797589e-01  2.285440131090897831e-01  -9.324812116290517316e-01
-1.459352725802832706e-01  4.484822182608479424e-01  -9.117576112372728359e-01
-5.932372987331712560e-02  5.517590398096265947e-01  -8.540649818128286386e-01
9.431781193354335513e-02  5.563529304165371059e-01  -8.194494075225924323e-01
2.500493702578573951e-01  5.160801093063838163e-01  -8.051455589366502963e-01
4.070349412087965746e-01  4.775733664044030657e-01  -8.224252296538140383e-01
6.410288788888368616e-01  4.544693206744329639e-01  -8.392585280684914384e-01
1.061030420406491093e+00  4.979790982575270641e-01  -8.364275151511323392e-01
1.478252601854737280e+00  5.240849634357648279e-01  -8.153324241715215193e-01
1.601492639275444496e+00  5.254054330109868554e-01  -7.703478910244550004e-01
1.586471371843828138e+00  4.688255117836905850e-01  -7.433571731697721230e-01
1.780807855787139848e+00  4.492206106553193190e-01  -7.594902169647786971e-01
2.202433591770197818e+00  5.378590229683305468e-01  -7.885665298567675618e-01
2.226641164843963683e+00  6.340712224246498607e-01  -7.930813262965700217e-01
1.885304544969228724e+00  7.348276962009449020e-01  -7.505317363346591941e-01
1.439025340111530715e+00  8.669968235013253421e-01  -6.732780225568287813e-01
1.183967153687021101e+00  9.462983066671148968e-01  -5.364088592379816500e-01
1.221572138533074448e+00  9.365069908748744343e-01  -3.443739450039284278e-01
1.155169850713836821e+00  7.441725537636716403e-01  -1.063085835440885640e-01
1.128037804081432061e+00  5.570566321461857262e-01  2.240299926090393856e-01
1.073630588246393458e+00  4.017579270836483807e-01  6.679219432624181607e-01
1.168079532993045122e+00  3.229217529301598999e-01  1.173480434123923777e+00
1.123074281124380569e+00  3.043061496013036993e-01  1.541470483098040800e+00
7.910472885599704185e-01  3.791950931271916847e-01  1.704075078241011898e+00
3.249352366515773638e-01  5.675589697365048814e-01  1.711120906352280757e+00
-3.098795990363373970e-02  6.805772936695887454e-01  1.637762468915489711e+00
-2.318325525295005796e-01  7.197021875580833505e-01  1.535557927133960998e+00
-3.523393087726105488e-01  5.854035631303937670e-01  1.416045742899462168e+00
-4.119340363364348279e-01  4.761382866361980604e-01  1.312010942353747600e+00
-5.239468325233310741e-01  1.524042062609335113e-01  1.230193586844456899e+00
-5.784451835274520004e-01  -2.426389513788959063e-01  1.168172178907868508e+00
-6.746908270870697333e-01  -6.661245038063340340e-01  1.118028352937387337e+00
-7.959848503629715077e-01  -9.202158427222137949e-01  1.055614584184440208e+00
-1.021273191325871021e+00  -1.072670647427264035e+00  9.535113745288259501e-01
-1.245411483683737774e+00  -1.121114384294402022e+00  8.081980076772744548e-01
-1.430731780682265697e+00  -1.121494526633992406e+00  5.981655793436257973e-01
-1.567342607461245541e+00  -1.093036492547263094e+00  3.428362171445862305e-01
-1.611181121949940787e+00  -1.118990841141777270e+00  1.055871593102012812e-01
-1.484972283350563416e+00  -1.134563423103658542e+00  -6.262425534783866432e-02
-1.269444386893679777e+00  -1.158250035428558533e+00  -1.829475911019903256e-01
-8.351038061773883303e-01  -1.186805025193649055e+00  -2.939345635998354411e-01
-1.423823539129081273e-01  -1.218281089026978403e+00  -3.993197189035403438e-01
4.511810979199603611e-01  -1.251509797265421664e+00  -4.237578381975997122e-01
6.293885920390293043e-01  -1.257103965867872430e+00  -4.772136816523865899e-01
3.169053012684973636e-01  -1.246117424254383099e+00  -5.674766475186852066e-01
-4.851524869495812964e-02  -1.210839393380128470e+00  -7.121513607296009463e-01
-3.058955616515492970e-01  -1.160986475718128297e+00  -7.989561873038634188e-01
-4.603237476641410808e-01  -1.102388619231590816e+00  -8.445735852566850221e-01
-4.004687372494720732e-01  -1.052886842178253568e+00  -8.848750173238307815e-01
-2.628811143673731587e-01  -1.008842734558590193e+00  -9.219868665268955432e-01
-4.052594762379314181e-02  -9.393871145083461105e-01  -9.442539780613240508e-01
1.663119083635018064e-02  -6.108527292450506296e-01  -9.576142409519911025e-01
1.271814348786697857e-01  -1.699002347335021035e-01  -9.656304013563503652e-01
1.808022555376188889e-01  2.524448227307643511e-01  -9.575091056201922024e-01
3.527773445736953617e-01  4.341366029543859417e-01  -9.203088550076512497e-01
4.305437439440535363e-01  5.001225185305316900e-01  -8.915232073322836293e-01
5.280408925727574365e-01  5.253710142759140389e-01  -8.807173133717466351e-01
6.119578316973750542e-01  5.261770614813554570e-01  -9.000957588767759532e-01
9.546225231621542351e-01  5.123176381991253470e-01  -9.181883214843902241e-01
1.668594392448126351e+00  5.326880880997559853e-01  -9.355093557217919464e-01
2.249489464798240856e+00  5.735964598685685534e-01  -9.459019749388645204e-01
2.407386594027113524e+00  5.981414849649844268e-01  -9.521375464473302852e-01
2.260647687504228287e+00  5.841823974962941923e-01  -9.623443833001972259e-01
2.439500172732030236e+00  5.758069436737751623e-01  -9.813994766936076086e-01
2.750160901285937154e+00  6.138108221024251021e-01  -9.928325341040428187e-01
2.644242801332335802e+00  6.509561994074509750e-01  -9.802958826082798227e-01
2.046900241185369396e+00  7.162725805656765532e-01  -9.275154252139600208e-01
1.319924211818491733e+00  8.558637779212925345e-01  -8.505886815990147953e-01
7.947733197160591345e-01  9.826476381811397598e-01  -7.268466950871015353e-01
5.432293971202044602e-01  1.030031853204861791e+00  -5.426880828784472754e-01
5.193963227220316226e-01  9.150318614909993542e-01  -2.899520216093480207e-01
5.432244582309889713e-01  7.886596736746702696e-01  2.979249282043049118e-02
6.083586499373038192e-01  6.411211057175675299e-01  4.285350486940770476e-01
8.634977130415623092e-01  5.095688142394515507e-01  9.005384136406281437e-01
1.258058360122751962e+00  3.876082859264804448e-01  1.345377800314578431e+00
1.316864174210633287e+00  2.857458684465603027e-01  1.664005399505654736e+00
9.327398848481414095e-01  2.102853656753096712e-01  1.784061501825851881e+00
3.591134843546117672e-01  2.654104217835153157e-01  1.765578247721316885e+00
-3.589966698498420206e-02  3.128285050396470979e-01  1.670436867000931747e+00
-3.110355393442115202e-01  4.129946095755426261e-01  1.568093560636760531e+00
-5.269543693105241955e-01  3.726929158937890008e-01  1.461429098845369978e+00
-7.200522996050060520e-01  4.058841026518396067e-01  1.365102951976018053e+00
-8.104924050348194520e-01  1.676239009075994879e-01  1.294376296109438940e+00
-9.028844484663665071e-01  -1.904779825073033561e-01  1.245474822107777380e+00
-8.185170798435977835e-01  -6.922001404019675341e-01  1.196737422122315042e+00
-8.314432937063460649e-01  -1.021919528807347932e+00  1.115771030442739287e+00
-8.900363345275437155e-01  -1.191065059353157762e+00  9.831397402170207744e-01
-1.141250714773073938e+00  -1.235180159075370598e+00  7.871820626329395498e-01
-1.380944612546230799e+00  -1.247306176134149736e+00  5.273665457777433341e-01
-1.524760956092039432e+00  -1.268924842728934133e+00  2.744948151185125362e-01
-1.483957508895638266e+00  -1.339268234108501376e+00  6.458231836206368426e-02
-1.345091495858019348e+00  -1.395817311689499851e+00  -8.722716288968730691e-02
-9.567480423909525689e-01  -1.444089814592839360e+00  -2.171058224872461917e-01
-2.534968618618764213e-01  -1.473053323131707559e+00  -3.144295036178338387e-01
2.828377681688220013e-01  -1.490431428290182936e+00  -3.598927190679954147e-01
3.758706706737900971e-01  -1.500858291393084798e+00  -3.807051517025376031e-01
-7.668266108844984386e-02  -1.507114429622073315e+00  -4.707785556911487368e-01
-4.753079316315010350e-01  -1.510868105746197010e+00  -6.153395310876023094e-01
-7.271924199901109720e-01  -1.470091162730299716e+00  -7.731965667330995551e-01
-8.656137876947272991e-01  -1.402595814312406652e+00  -8.679107860881012382e-01
-8.469919902816467339e-01  -1.333412526526716269e+00  -9.312048163858754890e-01
-7.468536233489891929e-01  -1.277559504315133987e+00  -9.691812332276458219e-01
-5.850959886711689650e-01  -1.186675513128100157e+00  -9.855015873694439321e-01
-5.261693887433228634e-01  -8.309410335470808207e-01  -9.888283025216478839e-01
-4.526854472106346949e-01  -3.880115168561029115e-01  -9.843588376477774293e-01
-4.467230631635564220e-01  3.551975732528347279e-02  -9.558151781331017949e-01
-3.414710196186622193e-01  2.035802068287434485e-01  -9.128270004983376484e-01
-2.401918133176961789e-01  2.613873224208070334e-01  -8.741031026205215992e-01
-6.504034739545064281e-02  2.960715924365770468e-01  -8.637997565685863188e-01
4.005053412415482406e-02  3.455682549425878047e-01  -8.640832462563803329e-01
3.191636202651308984e-01  3.896093040393111551e-01  -8.642533380679192634e-01
7.408180083881893419e-01  5.020922410655842549e-01  -8.708208877501462108e-01
1.120903911445501722e+00  6.126111546293178112e-01  -8.230374530790414145e-01
1.107478239133322884e+00  6.789225054832656037e-01  -7.232469472160666379e-01
1.099422844829014423e+00  6.326510070846381728e-01  -6.051831852511931897e-01
1.208973532013598806e+00  5.762020082663520393e-01  -5.537414173561439057e-01
1.300122606864620334e+00  6.427339613270480756e-01  -5.681348217767627773e-01
9.608229127265960345e-01  7.400253388729232107e-01  -5.961673510181769720e-01
3.886726337630006523e-01  8.557723683767369804e-01  -6.259178585074838264e-01
-6.900148255903702788e-02  9.969358277607289764e-01  -6.373026663634457911e-01
-3.563152804561510179e-01  1.139006130152418139e+00  -6.053405785294156960e-01
-4.651569248705795800e-01  1.238591346871314336e+00  -4.827154029026192728e-01
-4.033686421457358118e-01  1.197941129303658148e+00  -2.798303932997369126e-01
-3.281676944142414287e-01  1.116178776754924495e+00  1.000348740319266690e-02
-2.067911633356853962e-01  1.024092229474674598e+00  4.295926369939478962e-01
5.837352089899178892e-03  9.544972556425143084e-01  9.722934251349433232e-01
2.986357101885637189e-01  8.840541627052291851e-01  1.498344244319081975e+00
3.218028019062982303e-01  8.561313558151214531e-01  1.833371225767070012e+00
3.067921109812017655e-02  8.680637741819543507e-01  1.930939489006608056e+00
-3.600534977491093303e-01  1.004310684127082798e+00  1.866636021232699338e+00
-5.563651439377459429e-01  1.057372711978924462e+00  1.737536998150753353e+00
-6.741521335509218504e-01  1.232640450760448259e+00  1.621284620519701791e+00
-7.956616335345061408e-01  1.151341429424701079e+00  1.532136738968592260e+00
-9.575326073368528590e-01  9.734745787259245775e-01  1.465717001914271345e+00
-1.054655190903452722e+00  3.934337751611611256e-01  1.432330640182973847e+00
-1.138347400798860987e+00  -1.697364639418557641e-01  1.418764323831182228e+00
-1.099597452923804397e+00  -6.797552095430930974e-01  1.404159040084352883e+00
-1.063638157462224676e+00  -9.857664739026728018e-01  1.298413460335818836e+00
-1.080190545673871183e+00  -1.112001027496609007e+00  1.105656186116615425e+00
-1.255343216996906097e+00  -1.130369555330183129e+00  8.542264422353963438e-01
-1.500237420761790563e+00  -1.141390658416810755e+00  5.740586675223823265e-01
-1.685301919734765175e+00  -1.219718568077838405e+00  3.283720676865977683e-01
-1.694666010872963424e+00  -1.324087518862983925e+00  1.421671369590737921e-01
-1.598609836395128436e+00  -1.401051932110914278e+00  1.751318806239156659e-02
-1.210533658417323188e+00  -1.447230593649505126e+00  -9.607215313186891203e-02
-6.218268032719267424e-01  -1.474937790581382746e+00  -2.094818253723693124e-01
-2.050560642558984514e-01  -1.491562101955230979e+00  -2.775276288990289331e-01
-1.837614942512734717e-01  -1.501536709138388215e+00  -3.054241197061974833e-01
-5.268459026898780762e-01  -1.493178437507488576e+00  -3.932824598999586918e-01
-7.708245286154908893e-01  -1.459477389002568293e+00  -5.494453896873282561e-01
-9.299210148591784408e-01  -1.367541464542907148e+00  -7.401255772280659340e-01
-1.050797563546944868e+00  -1.269350761170225717e+00  -8.739301770422246429e-01
-1.059776862627824112e+00  -1.181750212845247283e+00  -9.671439349255717133e-01
-9.380711873821477864e-01  -1.100503808547480311e+00  -1.029537664785425299e+00
-6.998265313075302529e-01  -8.079240915549539270e-01  -1.066973895968403863e+00
-5.568797334551884859e-01  -2.738000095239565557e-01  -1.082970123887187164e+00
-4.711116561417115212e-01  3.335354655305978744e-01  -1.086102407035360873e+00
-4.704881180472976765e-01  7.553089535236110486e-01  -1.081516276236397234e+00
-4.828233191392371504e-01  9.223147408423135740e-01  -1.059368129340880982e+00
-4.393871342553658521e-01  9.364599097621018053e-01  -1.039613713575473275e+00
-2.481041737804858260e-01  9.019178583909878144e-01  -1.021295576868342492e+00
3.188684926028714783e-02  8.955356777951041236e-01  -1.023235689491470035e+00
4.286493504629343976e-01  9.347355194743068862e-01  -1.030865251050890885e+00
1.098823962690064659e+00  9.869415099864716767e-01  -1.048373989395205097e+00
1.742405937861266851e+00  1.046951231955651540e+00  -1.065344699453048438e+00
1.988752544295393720e+00  1.097300094969850592e+00  -1.081992646356092491e+00
1.933211273554644061e+00  1.141852497704816116e+00  -1.091981407766678736e+00
2.128654393584304305e+00  1.168583918960286905e+00  -1.097974671316664486e+00
2.322176207816099680e+00  1.285024139012781896e+00  -1.095105108582405729e+00
2.044300171986257464e+00  1.383574356527399685e+00  -1.061055901109763555e+00
1.229398884605452213e+00  1.485733649314910698e+00  -1.008298908828084928e+00
4.481435925772681017e-01  1.561372288127522268e+00  -9.119897717981165775e-01
-7.144688882867465674e-02  1.678470705618471781e+00  -7.895493317771800079e-01
-3.450731981866108633e-01  1.734386699743992066e+00  -5.997061508487471215e-01
-4.075743657842844092e-01  1.710564084407377727e+00  -3.564903380912522457e-01
-4.196564163952381521e-01  1.610212217859973149e+00  -2.306148841165243588e-02
-3.379403568923649015e-01  1.506971935672169582e+00  4.356156317903139841e-01
-9.827081819198192625e-02  1.401998617667862490e+00  1.001769190203867232e+00
2.615894607700507968e-01  1.339014647290411864e+00  1.548357177858932232e+00
3.249937057014939401e-01  1.344253413730541302e+00  1.915102926195094701e+00
4.530308078380154702e-02  1.519513302274725586e+00  2.051098949596200427e+00
-3.766978315109378306e-01  1.796785809665480516e+00  2.035714120513623548e+00
-6.426077059453215723e-01  1.948806278148310644e+00  1.942431808256873671e+00
-8.275722852610414293e-01  1.738814477742861353e+00  1.834738442287971782e+00
-9.766790081422069836e-01  1.469388922322825142e+00  1.737794973091087547e+00
-1.091561702321697025e+00  9.921864580344579299e-01  1.673163390866197142e+00
-1.122363332349416654e+00  4.907192157314730352e-01  1.627918934080790914e+00
-1.153553648958335787e+00  -1.830804589156399820e-01  1.574910257223117727e+00
-1.057883887219462915e+00  -6.447324612801230703e-01  1.543105064561300255e+00
-1.013191363203050255e+00  -9.360667007121268313e-01  1.459367016083860991e+00
-1.011794507128217280e+00  -1.053495059724363081e+00  1.305676270098347524e+00
-1.214305630874190189e+00  -1.095265963085527039e+00  1.045358925606060252e+00
-1.450196253352833420e+00  -1.105985460285880295e+00  7.598586093041221901e-01
-1.642567910683599308e+00  -1.184132406403965110e+00  4.657140099838755209e-01
-1.656316282894560343e+00  -1.259706680007460999e+00  2.439687875806672568e-01
-1.376592573793449015e+00  -1.302062066666241025e+00  4.456060726871454575e-02
-1.085059419702717243e+00  -1.304859439844996638e+00  -6.657484739427366183e-02
-6.836380618945252508e-01  -1.283922045675359280e+00  -1.759676675915911592e-01
