-1.857930458057208023e+00  -2.991733562621246567e-01
-1.732646672532429211e+00  -2.692466197229560487e-01
-1.605408686607074475e+00  -1.302167035150405272e-01
-1.666572459051867572e+00  9.393471101001323043e-02
-1.542392178468982245e+00  2.718290928233775827e-01
-1.258953892481500469e+00  4.966966791553257266e-01
-1.187405931461893660e+00  9.302310525696442234e-01
-1.056266802277185279e+00  1.488228676251320826e+00
-8.032548468427588295e-01  1.929621609749567757e+00
-6.220623306854030643e-01  2.040906856569281835e+00
-3.597262370118170516e-01  2.201146263344547105e+00
-2.063963759340858850e-01  2.390393689557785528e+00
9.880083812082295081e-03  2.340847429692774817e+00
2.409969199626923186e-01  2.283534874618984745e+00
4.059240747642094416e-01  2.143827935616992697e+00
7.192493096516864304e-01  1.875252390167875483e+00
9.223687396854820530e-01  1.509272485116498252e+00
1.128767978885389045e+00  1.054614513035697199e+00
1.281407855398807971e+00  6.913296821931596003e-01
1.431086813065739927e+00  4.499050600601437466e-01
1.600450519353746603e+00  1.567810516135390575e-01
1.675680041594995950e+00  -8.307669361998228086e-02
1.743822064407805073e+00  -2.476945497185973344e-01
1.782264306531965659e+00  -4.320054231866427563e-01
1.712028003329404857e+00  -4.956294201181465353e-01
1.630273245856787012e+00  -5.161985574640143293e-01
1.654986103350181592e+00  -4.864417060418086414e-01
1.522238444641284660e+00  -2.342038174353652524e-01
1.457825429952273488e+00  -1.335359363953739220e-01
1.480882520489180898e+00  -1.395867584315551024e-01
1.308168245723489331e+00  8.533221747603106713e-03
1.142602768338808694e+00  -1.446502328636949455e-02
9.257883714709360667e-01  -1.861012758750556911e-02
6.218417174216498422e-01  -1.121205496746261465e-01
5.745947183510984324e-01  -4.070108419524730015e-01
5.421158496814348915e-01  -6.599975622714506773e-01
3.155630230796472868e-01  -9.277162233986866458e-01
2.085259386013570138e-01  -1.113817110673970934e+00
2.987718169277415667e-02  -1.176126792152291767e+00
-1.589767278466028000e-01  -1.373738444098508538e+00
-2.022955390616934801e-01  -1.591555299646344457e+00
-3.180754349075116116e-01  -1.439286071769107611e+00
-3.613271241225258779e-01  -1.311086927014355696e+00
-3.088006499043046693e-01  -1.220327753697015627e+00
-3.167684814788703784e-01  -8.534924889374038148e-01
-2.930026583798056028e-01  -5.475777455700955310e-01
-3.366037907511933436e-01  -2.993783809431200260e-01
-4.084108479093713773e-01  -2.065328375718900392e-02
-2.933677715282947407e-01  3.681212752155910151e-01
-1.123624025995251102e-01  7.214443775267760373e-01
-9.218473315553671332e-02  7.483891334048154986e-01
-5.932656805519487264e-02  8.153451096589423575e-01
1.171371944614789939e-01  8.897391751518504144e-01
1.238687798640784182e-01  6.833762031773222834e-01
1.382606391271058166e-01  3.559784286666635711e-01
2.614177007432416655e-01  2.863958130632642679e-02
4.010527874007440707e-01  -1.723320798971545165e-01
4.586588400660243647e-01  -4.868691698693030645e-01
4.724589844599607624e-01  -7.505590895662667128e-01
4.701458323026102559e-01  -9.461342682777237334e-01
3.141667372126237812e-01  -1.163464062003412902e+00
3.021320492962351056e-01  -1.200566582718864739e+00
2.338771014515725055e-01  -1.346012374707564074e+00
6.639833506687818632e-02  -1.489779223497766258e+00
-6.704389040752189999e-02  -1.268070705319414460e+00
-1.018706442184473121e-01  -9.880498117448764939e-01
-1.594896035681570845e-01  -8.828889975685977332e-01
-3.963377022954378548e-01  -7.584409728751158042e-01
-4.832835991896592409e-01  -5.633925354458964030e-01
-6.396101261127997706e-01  -2.136597658510294429e-01
-8.950912862065365516e-01  7.506452208159175923e-03
-1.012100362978904489e+00  -2.128811633289149491e-02
-1.107024427275500766e+00  1.817367909263692058e-02
-1.265366325220316224e+00  1.192536627437853491e-01
-1.409930691858147345e+00  9.579881932384951004e-02
-1.569219227176817277e+00  -1.571123920507584704e-01
-1.619307959061431212e+00  -3.698133441596909154e-01
-1.573423935213047686e+00  -4.230051059419811521e-01
-1.596443916537691354e+00  -4.658119951764654321e-01
-1.638391454271449499e+00  -4.808922298174746479e-01
-1.762185897606652674e+00  -3.688218495702977329e-01
-1.816471000624954479e+00  -2.484782690993663501e-01
-1.720191068619674413e+00  -6.429479976419839871e-02
-1.585674763332518555e+00  2.532448627390816998e-01
-1.482252041354823247e+00  6.458526303470765173e-01
-1.277470268720614532e+00  1.036282360117210199e+00
-1.065648023940560796e+00  1.283135136728929426e+00
-9.182087130773680661e-01  1.748977333380341337e+00
-7.197110580952680303e-01  2.233257100900967629e+00
-5.232716390343373769e-01  2.463356999206976816e+00
-2.996062433595769736e-01  2.396394301193013998e+00
3.136570360460580464e-02  2.245666533385693775e+00
3.700587854785973296e-01  2.262378635492197088e+00
4.902097721728877477e-01  2.248894179757389811e+00
6.231097231873180542e-01  1.908449796277265964e+00
8.731976785899898674e-01  1.440656320878934915e+00
1.080699584675700597e+00  1.221294489897213120e+00
1.236286459049289466e+00  9.574777276648320790e-01
1.444679348196079349e+00  5.637469930783748362e-01
1.607898986756633120e+00  1.548907338585444049e-01
1.635342016328066084e+00  -5.740774320475072745e-02
1.679183392036538880e+00  -2.578851485664789833e-01
1.753052113037116166e+00  -3.983146910561078391e-01
1.684316346346669713e+00  -3.792542979404432413e-01
1.594097198558857675e+00  -4.594876713590456130e-01
1.559796489680054687e+00  -4.198063809944282965e-01
1.524563646689161223e+00  -2.143267544627508459e-01
1.502661356961897177e+00  -8.999451138050044985e-02
1.430048574614303236e+00  -4.768133581780720914e-02
1.214660701921003394e+00  1.024600080688592985e-01
9.606415332083914072e-01  1.914355971918794419e-01
8.733313101848899640e-01  1.194353644149304672e-01
6.867194610680142919e-01  -1.592987014315215000e-01
5.033421776738271625e-01  -4.476940100109925713e-01
3.494332285119304826e-01  -6.749781516844146623e-01
1.412808274086491678e-01  -8.273503392263712453e-01
1.820720465878254701e-02  -8.891990445770393547e-01
-1.589841693542514214e-02  -1.132794120768352064e+00
-4.588952553270625456e-02  -1.300386594883935487e+00
-2.171748278839224222e-01  -1.267554376155325624e+00
-2.393815795690796555e-01  -1.290775151581195601e+00
-2.436045407130531804e-01  -1.199899218438955861e+00
-4.174568098319133558e-01  -1.115026977015005860e+00
-3.526706547277005388e-01  -8.928836570266950323e-01
-2.521849514284289495e-01  -6.003267786739747702e-01
-3.119445539518687083e-01  -3.640526251194539653e-01
-2.873638589809884292e-01  -1.152027392349410512e-02
-1.825751484624046073e-01  2.163363056413055707e-01
-1.793504639935830369e-01  4.625297259420848572e-01
-1.877858053132091531e-01  7.004495389860579957e-01
2.772402491070576763e-03  8.053660631098760181e-01
1.326550333584234076e-01  7.239591445384055968e-01
1.398155307484448273e-01  5.402847887836346175e-01
2.474942956070517452e-01  3.065510499305007519e-01
2.861975929080132208e-01  1.086440261998171258e-01
2.531264145467771454e-01  -1.418486541028756709e-01
3.712879310922950760e-01  -5.427709603870072286e-01
3.747768534610241842e-01  -9.047751234741251425e-01
3.407185740019366693e-01  -1.039722271837748568e+00
3.303149412742681368e-01  -1.107306339380509153e+00
2.233497705514372045e-01  -1.315448252435981180e+00
2.124310237675857138e-01  -1.492366425270840180e+00
1.711098849638219010e-01  -1.500951703257858094e+00
1.010407219897345305e-01  -1.393433541821363475e+00
-9.295117856350906815e-02  -1.120208334779648096e+00
-2.991380691537148251e-01  -8.013211236356639899e-01
-3.093944636748824362e-01  -6.347181665220698044e-01
-4.480993574437046045e-01  -4.604280455741345257e-01
-6.212012885034460252e-01  -1.931433570676863720e-01
-7.412551078080767963e-01  2.548279505313761836e-02
-9.649960198172294890e-01  9.888170471687592056e-02
-1.216126970423447418e+00  1.524789633194521543e-01
-1.327471206814819338e+00  -1.316068420251970995e-02
-1.341064441525823048e+00  -1.514694304363493615e-01
-1.397650199431348383e+00  -2.297900156099308422e-01
-1.464491110214206415e+00  -4.060946625663781062e-01
-1.668313023924634209e+00  -4.607886983485686150e-01
-1.860529586892746723e+00  -3.900466821872077272e-01
-1.768900398163910870e+00  -2.729271834969179689e-01
-1.601826654160068086e+00  -2.277861829541361627e-01
-1.574122580318004117e+00  -1.717350407344838126e-01
-1.661509794116850181e+00  -6.318109228059282101e-02
-1.513671533026391902e+00  1.988365131722789059e-01
-1.283286421681874456e+00  6.073323131931439578e-01
-1.126734674333268460e+00  1.046735748553566880e+00
-9.584350025597635492e-01  1.358766420469719849e+00
-7.707642433258968806e-01  1.734534933732572393e+00
-6.403287922505237484e-01  2.113626147529596988e+00
-5.482383459792726788e-01  2.372669307385948834e+00
-1.657962991987534385e-01  2.584590201325686731e+00
1.782756816234253860e-01  2.522569092562712889e+00
3.415152924385562727e-01  2.286824954096468243e+00
6.089586842858265570e-01  2.124399819173232284e+00
7.548466534766300473e-01  1.903733125982197238e+00
8.999914724073601047e-01  1.608290599859412806e+00
1.134442368005469604e+00  1.320836440215138241e+00
1.218913708707504595e+00  8.883354226490923766e-01
1.315475194205529608e+00  3.852733354465835425e-01
1.441389045915574485e+00  6.897269284470480821e-02
1.595750726923409690e+00  -7.694300155621522364e-02
1.631284289186831105e+00  -3.377888827720848530e-01
1.696443602141174400e+00  -3.761718581554089336e-01
1.774676803353897547e+00  -2.993123444378191222e-01
1.692319732580501945e+00  -2.981299273821347851e-01
1.694542905049374548e+00  -2.611147706748665476e-01
1.601128261647597251e+00  -2.971989675956174803e-01
1.410931564338055999e+00  -2.370890779323125697e-01
1.297916922977076393e+00  -3.571755671087613326e-02
1.131470885893343770e+00  1.152149838582462865e-01
1.069741470573668307e+00  -6.680247915542157112e-03
1.052010287873418770e+00  -1.282587221814389389e-01
8.448806476901438156e-01  -2.515409501403091386e-01
5.328294872200958210e-01  -4.834528871450713972e-01
3.785932531769267695e-01  -5.949068762505342889e-01
3.224559424637215010e-01  -7.042158940220706320e-01
1.759714137110217624e-01  -9.797852700596244580e-01
-3.219567788786321244e-02  -1.202270142795386576e+00
-1.739533942277674550e-01  -1.337972190300989572e+00
-2.677687404193169751e-01  -1.370781405693306976e+00
-2.667270042309770051e-01  -1.359451928152949574e+00
-2.802126654908900782e-01  -1.362775634095280131e+00
-3.043900169036046210e-01  -1.232528442512291100e+00
-2.231561450911904720e-01  -9.171195463383882140e-01
-3.429198604680768758e-01  -5.098173211247877257e-01
-3.555142238413090960e-01  -1.852787917824037234e-01
-2.149492418203642896e-01  2.392016034508760020e-02
-2.441698301045221731e-01  2.184029399148762485e-01
-2.973013983826726658e-01  6.124038830849988235e-01
-1.180892231109307994e-01  8.308692348736412825e-01
9.029817461183997640e-02  7.486927765733341067e-01
4.861713430889954418e-02  6.191948003020202318e-01
-2.073694219104535680e-04  4.639811699941486234e-01
7.030690024665527116e-02  4.192037859355941531e-01
1.606540483290320176e-01  2.285274249535941826e-01
2.887412120415893124e-01  -1.341429712891269721e-01
2.828824913106864347e-01  -4.238060657314028923e-01
2.708825011776412883e-01  -8.188741480032765141e-01
2.905549725721938703e-01  -1.029506025487394005e+00
2.890512356718202835e-01  -1.070887970325231420e+00
3.508026867104017121e-01  -1.375386111078333640e+00
1.920253008898442082e-01  -1.583118420403147208e+00
5.011676142408678231e-02  -1.449912820208585140e+00
-5.248966529387993213e-02  -1.256512126828956522e+00
-2.248821642435887835e-01  -1.077106779091799860e+00
-3.693529660550502469e-01  -8.860180054226061142e-01
-3.886837942457668227e-01  -7.353760714567580958e-01
-3.905487617777043119e-01  -4.003714265335197031e-01
-6.861185045218097800e-01  -4.946602231058121885e-02
-9.567537894161064482e-01  3.526074917467224290e-02
-1.007597826341179115e+00  1.454735454725777054e-02
-1.179685443562889180e+00  -8.563866819887711035e-02
-1.378252301607671759e+00  -6.613969196377816884e-02
-1.492891315801706087e+00  -2.869805934870527445e-02
-1.590370015716368712e+00  -1.813892902654653250e-01
-1.703096321491009313e+00  -3.128808712638030953e-01
-1.684188076168480652e+00  -3.578201015117654649e-01
-1.678688495990411811e+00  -3.754272684100591340e-01
-1.767842565313126446e+00  -3.265478423634659011e-01
-1.632902872668567706e+00  -2.825441047864478139e-01
-1.557340605659653932e+00  -1.711140198076246122e-01
-1.519525440819941453e+00  -1.688768050282814931e-02
-1.497896708820570799e+00  1.759055635489289171e-01
-1.402151546658503944e+00  5.393759702427635139e-01
-1.222786204626736817e+00  1.105462380615743534e+00
-9.987536848439235726e-01  1.460487493444860618e+00
-8.106119007051034719e-01  1.744540324886933336e+00
-5.698757158486804641e-01  2.040964853733612916e+00
-2.428542549265236550e-01  2.124539465918566794e+00
-8.805185685479013924e-02  2.412832262181349385e+00
1.615921110962208473e-01  2.570730506447920227e+00
4.332623291012858147e-01  2.297848455972093529e+00
5.963620646678586823e-01  2.026604394091877204e+00
7.215277116327710738e-01  1.858538040961559501e+00
9.513266465925596105e-01  1.561553510453819182e+00
1.200786842520699338e+00  1.138100308359400126e+00
1.263012763951191664e+00  8.341679152620442572e-01
1.412447106189137935e+00  4.844077354503158461e-01
1.643488688036021772e+00  1.039430659712132499e-01
1.660281878106316444e+00  -2.081075582459535611e-01
1.680374377261047325e+00  -3.934559719048644766e-01
1.815876325258533264e+00  -3.318325922242108539e-01
1.881654391052250963e+00  -4.482333230806705981e-01
1.783834798193408400e+00  -4.892643781931069191e-01
1.718765027674190149e+00  -3.772840741822888200e-01
1.607104384493787785e+00  -2.527125775982697609e-01
1.493207119824361273e+00  -4.307341542469775297e-02
1.417707343689979416e+00  4.655746212803301559e-02
1.222988784776104954e+00  -5.040691951511536151e-02
1.031392653527506864e+00  -4.099483091414423894e-03
9.454260926807774856e-01  3.407486469798168965e-02
8.789685182642047456e-01  -1.433194305675665192e-01
5.952504084387194583e-01  -2.914748406924740909e-01
4.462772799775672206e-01  -5.285292462327845220e-01
4.077590840878953515e-01  -7.657891993375494089e-01
2.663316257253071639e-01  -9.500225686774423917e-01
1.430871268951644862e-02  -1.100184930239716641e+00
-1.049335750859393124e-01  -1.348403179891663362e+00
-1.239071076390092369e-01  -1.491555609550147432e+00
-2.275967363264876642e-01  -1.393664926663113812e+00
-3.641631906660391937e-01  -1.209959464716847677e+00
-3.371543373060265081e-01  -9.663989487792220556e-01
-3.233062389212278953e-01  -7.211465610833605044e-01
-4.253261796778412540e-01  -4.654265858788071419e-01
-3.998954780185707270e-01  -1.287029809592165064e-01
-3.559451472707300113e-01  1.637005936303769227e-01
-1.797441186947306424e-01  3.306125018201258037e-01
-9.157058009766522177e-02  5.055646719058134453e-01
-1.580042472845061274e-01  7.659951572949030840e-01
-1.191804873567205852e-01  9.098868146795812129e-01
3.665331093186479511e-02  7.623168986953121617e-01
1.501406038195438608e-01  5.418105019004532119e-01
1.640437395351116434e-01  2.774116938240652752e-01
2.354269738323998828e-01  4.933850568162376909e-02
2.435926209812420973e-01  -2.086476270221268026e-01
3.016677050484802836e-01  -4.592374345154663917e-01
4.548331716663808200e-01  -8.050622225240657848e-01
3.290712449264039385e-01  -1.135814311341527327e+00
2.127423239227957674e-01  -1.254880474642460220e+00
2.566245008886418044e-01  -1.355110245250449541e+00
2.337411437027894501e-01  -1.401775017887070707e+00
1.292074194494789718e-01  -1.375371888065481052e+00
-6.671977096889218639e-02  -1.254649356765376922e+00
-2.055741939091173809e-01  -1.025227143789766426e+00
-3.353402447408826981e-01  -8.410380181157247614e-01
-4.364577647993947984e-01  -7.402411638596549937e-01
-5.994876851147366015e-01  -5.307366313931822788e-01
-7.917348010170930372e-01  -2.590429837162918081e-01
-9.383338638773651708e-01  -4.623380467245695458e-02
-1.080144571079005189e+00  -2.063369952533341406e-02
-1.216257559103973263e+00  -3.326237531007703724e-02
-1.419940389980508311e+00  -9.681884429738053799e-02
-1.456466842203688605e+00  -2.523183740013558163e-01
-1.502814589536457968e+00  -2.310465275586572331e-01
-1.620164949069869742e+00  -3.209470518352618429e-01
-1.774459433804057129e+00  -3.708514461168865850e-01
-1.816114419259446944e+00  -4.116543667407507323e-01
-1.745055217876848586e+00  -4.082579200894512761e-01
-1.709336365474948272e+00  -2.443366711137986980e-01
-1.721062485005937281e+00  -1.065528256253943928e-01
-1.678098872571635480e+00  1.948803554206079147e-01
-1.567929965594133890e+00  3.745475879460136159e-01
-1.387298088665797957e+00  6.846499166390961344e-01
-1.234088585245529224e+00  1.207850016281469374e+00
-1.123193005888733831e+00  1.546757780458611231e+00
-9.235432605540649931e-01  1.876442129539749093e+00
-5.970814403190305431e-01  2.090791259614079411e+00
-3.063868848846172943e-01  2.152578480723081444e+00
-6.725111492798382939e-02  2.294970517805098975e+00
1.985686718724667399e-01  2.402189772174739169e+00
2.867021438955597579e-01  2.300048673889798501e+00
5.503787693364236011e-01  2.080255156147824636e+00
9.054110327717257434e-01  1.749969680566157537e+00
1.053042632516174137e+00  1.440255395550614992e+00
1.107055180000610983e+00  1.121243619809347170e+00
1.201494525650204981e+00  8.211011018468120648e-01
1.458375521808147113e+00  3.968235202399939543e-01
1.644503509062972491e+00  -1.825952856573876543e-02
1.665540401852403152e+00  -2.353918716709179904e-01
1.776771433368899311e+00  -3.424689609320329953e-01
1.845375509471469444e+00  -3.006769476711889655e-01
1.726229235087541003e+00  -4.266193816984377718e-01
1.632790229763378509e+00  -5.305055913274487889e-01
1.638082681647774486e+00  -3.263584505633551625e-01
1.560133603173520456e+00  -1.352757208094551022e-01
1.501424008932259024e+00  -2.137569645158002296e-03
1.423297192098241570e+00  1.719816201646097997e-01
1.168764395780035770e+00  1.932340373280886370e-01
1.022029864942750832e+00  7.023664094415464805e-03
9.210514678250343312e-01  -2.194914610136491639e-01
7.903115898528465522e-01  -3.644260822320196103e-01
5.793155322687367770e-01  -3.864977648090293649e-01
3.267568159368601233e-01  -5.707735958764191819e-01
2.652742197024551829e-01  -8.250562872945570447e-01
1.150346942953690416e-01  -9.492989580789759074e-01
-2.160760238219812650e-03  -1.246683656499715687e+00
-1.165352058782167244e-01  -1.498471912603320133e+00
-3.221163202870644393e-01  -1.561042113176672297e+00
-3.627393774212228639e-01  -1.488460518435099189e+00
-4.323724229582421308e-01  -1.372406619007830564e+00
-4.035561925838125341e-01  -1.063640226009430201e+00
-2.890041307375816326e-01  -7.025060187938692025e-01
-3.796165659110101176e-01  -5.462673816093065460e-01
-4.116546127557450530e-01  -3.416673812644374086e-01
-3.639275645071543552e-01  5.748629709982607666e-02
-3.447900047371011412e-01  4.744101314297253791e-01
-2.892631920767145259e-01  7.169712995961758928e-01
-1.029468681445227934e-01  7.149900536110398441e-01
6.920686500805389024e-03  7.194125337564218903e-01
2.722270106594929656e-02  6.849459663492970529e-01
7.321304445012634388e-02  4.890326443565228276e-01
8.835421025546419393e-02  3.596559317633427622e-01
1.697440644583729785e-01  2.297821352075559431e-01
2.136861755039916322e-01  -1.864488499559804058e-01
2.649646509463395860e-01  -6.055400099232062239e-01
3.812329556777508399e-01  -7.793980373726649979e-01
4.327334162184971467e-01  -9.828143808467928455e-01
3.430971517711309815e-01  -1.175916198328174733e+00
1.822387244739453460e-01  -1.279012594422959559e+00
1.494284260241050544e-01  -1.291143502247487085e+00
6.688889496634624343e-02  -1.204953016882541306e+00
-1.072749892332922755e-01  -1.232352036815311580e+00
-1.811283724790746508e-01  -1.214228317931980383e+00
-1.776153504940192474e-01  -1.006096433430440307e+00
-2.572672756727908960e-01  -6.620997233970645768e-01
-5.321494113618654431e-01  -4.020388787119333895e-01
-6.504800443781184605e-01  -2.671118180561595778e-01
-8.036744199768026675e-01  -4.741124329740016574e-02
-1.008172070238519069e+00  -5.603052931974865369e-02
-1.171879995217634418e+00  -1.482194299333307319e-01
-1.437290142422123607e+00  -1.305769106111879518e-01
-1.577868050503003827e+00  -8.614933132204941058e-02
-1.640854583172583370e+00  -1.209056141906085236e-01
-1.724058827484916900e+00  -2.629197969114174804e-01
-1.695073211324840123e+00  -3.927517711875401218e-01
-1.702284011789808593e+00  -3.521963755263298745e-01
-1.770063273803858417e+00  -3.692466789194905896e-01
-1.698398473811581377e+00  -4.146383040373297635e-01
-1.682472452185373335e+00  -1.621328801652063556e-01
-1.610361744366753500e+00  1.947199233799893625e-01
-1.497777015438075621e+00  4.550233920779244157e-01
-1.355370011209518388e+00  6.702366318326797856e-01
-1.213031825353547921e+00  1.013984247616176004e+00
-1.056961473808597285e+00  1.544071210080195433e+00
-8.666316168766784456e-01  1.962249115654469911e+00
-6.451257697243001354e-01  2.090927787583296116e+00
-3.394282796587426154e-01  2.302113622722895325e+00
-3.452081007384075889e-02  2.510687776758985468e+00
1.128193566474590265e-01  2.422481669265415416e+00
3.513100009170468940e-01  2.253972955539908174e+00
7.150217140568985164e-01  2.046416079474664418e+00
8.886970493059659360e-01  1.837423701829455469e+00
1.100894882818711507e+00  1.463080113426708628e+00
1.279008658258514286e+00  1.006749730188514436e+00
1.338357746875215692e+00  7.333750513327762510e-01
1.426792515338327849e+00  3.395936997443479433e-01
1.542101491151303794e+00  -8.380357779871897006e-02
1.581449004639604805e+00  -3.152052583911533756e-01
1.636119042423959336e+00  -4.618459387090531609e-01
1.674950234983093367e+00  -4.829900516358920370e-01
1.711592183272646839e+00  -5.120865780329073580e-01
1.771874752488890481e+00  -4.884809881973445900e-01
1.648886142528787069e+00  -3.080203699680700291e-01
1.559923213217682347e+00  -1.936569258871851107e-01
1.493038545598374123e+00  -1.438894859221087896e-01
1.299464469248723608e+00  -3.242699297016771176e-02
1.182296594454847138e+00  1.582992062177357093e-02
1.087916973118635333e+00  -1.157207618786977726e-01
9.820997655943299876e-01  -1.779300423126497777e-01
8.101701243947775355e-01  -2.304129347848637710e-01
5.771512094579313024e-01  -4.797637806954346273e-01
3.729468984546390198e-01  -6.394625182932442975e-01
2.150090960888717817e-01  -7.780970492524463822e-01
1.398092348449984090e-01  -1.034880192575883706e+00
1.194904026769571387e-02  -1.133724954632520099e+00
-1.719623851317960139e-01  -1.212071836120561574e+00
-2.441919184473675120e-01  -1.272798798842682766e+00
-2.134596358317733256e-01  -1.345645490422321400e+00
-2.336722654416086842e-01  -1.357948288436007234e+00
-3.308496530543899583e-01  -1.028586386188255597e+00
-2.865607571036340451e-01  -8.037354705902827190e-01
-2.764926116071144691e-01  -5.021785269145176978e-01
-3.361292855018168657e-01  -1.037182401661274622e-01
-2.029315705149964399e-01  1.947217442450225600e-01
-1.086621109762038045e-01  5.534459976735577325e-01
-8.157912268989830906e-02  7.050009537422605721e-01
-1.067784827627765720e-01  8.238613408355108803e-01
-9.281576299182699163e-02  8.667283966824973485e-01
1.266282629486429889e-01  7.693627603081216737e-01
1.854955709695292054e-01  6.439223885701066408e-01
1.811677646480949200e-01  4.873745871178233324e-01
3.595452706806320786e-01  1.692555521270734664e-01
4.468211458236924782e-01  -2.115176421389964589e-01
3.247389615471132918e-01  -5.572348814944260154e-01
3.753933151651322464e-01  -8.716894696956449806e-01
5.173669826596106747e-01  -1.060312388194053712e+00
3.300882341968814915e-01  -1.290142132207894976e+00
2.820994141661678500e-01  -1.342023559291489310e+00
3.440038396390771580e-01  -1.292065239540036936e+00
1.510946513723413209e-01  -1.394158415487688929e+00
-6.077542515522210004e-02  -1.327638407201201742e+00
-1.572051503869598410e-01  -1.114513350016266502e+00
-2.209391460440233990e-01  -9.585832763032486881e-01
-4.068340954051566927e-01  -6.527501243406150788e-01
-5.192270809838499535e-01  -4.048087451228774003e-01
-5.824864838376789811e-01  -2.986107394777947066e-01
-7.869034581385270233e-01  -8.475739547971299082e-02
-1.045039291202147558e+00  -4.997591081095788257e-02
-1.261519949933699536e+00  -7.930644121357187382e-02
-1.312498982622711141e+00  -7.888331892448141591e-03
-1.368931608667943722e+00  3.807038823924922756e-04
-1.513984559082175219e+00  -3.700269918652690504e-02
-1.579251615181344715e+00  -1.415190922493484993e-01
-1.672444473083489758e+00  -2.901053560127868636e-01
-1.769395444072283441e+00  -3.501298187867133427e-01
-1.741365897089824033e+00  -2.951070927149006540e-01
-1.698081220403266478e+00  -1.839275352070498248e-01
-1.654658529354501306e+00  -7.129891645458212579e-02
-1.617876559081439014e+00  5.978439735291223717e-02
-1.455233948503589891e+00  4.142489080932456047e-01
-1.199344553332995389e+00  8.921291724792340672e-01
-1.047081140066420168e+00  1.279824562755883299e+00
-9.571787664702984255e-01  1.558356451579839375e+00
-8.088624812761882055e-01  1.880571620495299134e+00
-5.191360518034995319e-01  2.216809899882827839e+00
-3.339535250721447635e-01  2.446396752512379091e+00
-2.169772922980822416e-01  2.538969124942922928e+00
1.184684222076094889e-01  2.421859854090551600e+00
4.473330771693364016e-01  2.194707978821467620e+00
5.699585851070338993e-01  2.098064674497701176e+00
8.428343390393594481e-01  1.865993138226652581e+00
1.072226240256997531e+00  1.513647544600453587e+00
1.090563024254275648e+00  1.093177679132696811e+00
1.267353879199161204e+00  6.824465799083911932e-01
1.521848077854529357e+00  3.215150962395564860e-01
1.665383527675351250e+00  6.585894723434236250e-03
1.746988581184449663e+00  -6.826323869735936856e-02
1.771897662704784437e+00  -3.435451464478336270e-01
1.743732696796163273e+00  -5.656414136956861016e-01
1.703187254928761440e+00  -5.209189470872163108e-01
1.645221772890177681e+00  -3.457219446765172344e-01
