2.642308896739621105e+00  2.626405004713565708e-02  -3.222982911268089667e-01
2.546626439117811724e+00  5.074189918780298153e-02  -3.321841681128492318e-01
2.469813477755281816e+00  8.443314878749906549e-02  -2.809057524781868320e-01
2.326708273988058018e+00  1.236524413752494583e-01  -1.643237923833495706e-01
2.046810290901251772e+00  1.756908289915483090e-01  -6.576964719322719866e-02
1.665433167263605796e+00  2.639274845298236749e-01  -6.637160422355002989e-03
1.281378988521387097e+00  4.023899128835642380e-01  2.884233230052415248e-02
9.151220945878906221e-01  5.899923458630160766e-01  1.359449383543757939e-01
5.789470389988140564e-01  8.165810597192816322e-01  2.860214140440816566e-01
2.608210932815304139e-01  1.019050162077814958e+00  4.332772396084063615e-01
-2.707190273956659038e-02  1.093020278969432546e+00  5.502357068531417150e-01
-2.580181572555717562e-01  1.099393277390655621e+00  5.918058146036789813e-01
-4.159893967356018130e-01  1.160230719905670727e+00  6.453528497954857945e-01
-5.107721408378356198e-01  1.253746788651126431e+00  7.060860401574258205e-01
-5.676417872824168764e-01  1.366870026415321515e+00  7.711309262796430808e-01
-6.211670598540198762e-01  1.463250790830229020e+00  8.387628271928455614e-01
-6.726857067103534371e-01  1.625604233464942538e+00  8.793419683999775804e-01
-7.230003795297238467e-01  1.751523120812792822e+00  9.036894517688943695e-01
-7.337856985308438551e-01  1.874585800429288573e+00  9.182979451763675360e-01
-7.208534059472241351e-01  1.957925670933091000e+00  9.842729674268368978e-01
-6.936905463723179732e-01  2.017431882789817443e+00  1.081067915135754953e+00
-6.773928278644676393e-01  2.053135603204614856e+00  1.224959792757774668e+00
-6.482107099805619610e-01  2.055553289846682841e+00  1.568739661252342987e+00
-6.112979545389938263e-01  2.076008447429010584e+00  2.089662279020425117e+00
-5.891503026590801939e-01  2.012263366296246581e+00  2.774080453525713530e+00
-5.758617122000477817e-01  1.926504970412329598e+00  3.127521430690138882e+00
-5.678885565772964217e-01  1.789529487768620308e+00  3.053536304485222175e+00
-5.242976917125279357e-01  1.650330568119801722e+00  2.551465713203543650e+00
-4.787396887831495418e-01  1.462286252466028280e+00  1.964173652699699568e+00
-4.320014009264541155e-01  1.263939224685632245e+00  1.468773536346371644e+00
-3.845549414511128528e-01  9.928946935870645030e-01  1.057113594461373207e+00
-3.366835810695716913e-01  7.162407261748675591e-01  7.243027142324309775e-01
-2.691537905994752511e-01  4.172165480360668921e-01  4.674062653338410533e-01
-2.092324350731493698e-01  1.902906921965008269e-01  2.274534770556999597e-01
-1.538761315541410657e-01  2.562836686871163699e-02  2.627186321177723063e-02
-1.012588668001992986e-01  -1.016758390750953228e-01  -1.802520147491677438e-01
-3.088153410867923790e-02  -2.445742583901558964e-01  -3.327713117079452720e-01
6.955531918798471547e-02  -4.253360149732821061e-01  -4.814928326432842409e-01
1.686244026142872110e-01  -6.098112334455769723e-01  -6.279356856704676471e-01
2.862763106606914798e-01  -7.585054476763001263e-01  -7.730113379156726694e-01
4.150779134603668208e-01  -8.572242463456978268e-01  -8.886617012012730799e-01
5.699728187906115684e-01  -9.069532567836413595e-01  -9.580519191716568850e-01
7.405237035385722200e-01  -9.367906616973523670e-01  -9.996860458848257913e-01
9.592751495045093169e-01  -9.546931039690812471e-01  -1.024666536185987908e+00
1.206946923231956958e+00  -9.559322992206656933e-01  -1.068259790059040926e+00
1.491374383135313231e+00  -9.376712734569582208e-01  -1.123020734706808854e+00
1.836662216565676076e+00  -8.221896840641843562e-01  -1.213087222247581032e+00
2.296080237734289931e+00  -6.198689394536281982e-01  -1.181312223457353650e+00
2.649344990634744601e+00  -4.129560596460339905e-01  -1.076432288673807802e+00
2.822496889542144505e+00  -2.888083297473464928e-01  -8.704794790268285398e-01
2.751756661772528645e+00  -2.618310477434879213e-01  -7.469077843867106825e-01
2.592891618269685949e+00  -2.551469480046935634e-01  -7.013697449984704901e-01
2.381151664615951624e+00  -2.511364881566616747e-01  -7.026518919130432250e-01
2.157090251646821333e+00  -2.392279421096872305e-01  -7.034211800869790698e-01
1.964442964289442983e+00  -1.845714605527910834e-01  -6.180678419180714034e-01
1.751837151087435540e+00  -1.137684907103257426e-01  -5.668558383721706839e-01
1.527256263827074800e+00  -2.377535380929538325e-02  -5.075236649932142186e-01
1.256683306757393703e+00  3.972279810355217738e-02  -5.005293322242944098e-01
9.779186381592717137e-01  1.348353126914204059e-01  -4.391227920882531666e-01
6.942389032373931235e-01  2.489164443920367786e-01  -3.164639583244622245e-01
4.270136415395487384e-01  3.933832886759812131e-01  -1.570537467024743505e-01
1.696610554768483159e-01  5.180724785280031996e-01  -3.280265017693783508e-02
-6.236444049068266132e-02  6.308950755786471021e-01  4.174800863250244243e-02
-2.597901963106146739e-01  7.365977155823442146e-01  8.647840390868867522e-02
-4.170526184876262032e-01  8.380283800238391700e-01  1.419216099565312195e-01
-5.696205279788283393e-01  9.083890501366138626e-01  1.751875354279733288e-01
-6.805647590604864128e-01  9.601077236835012796e-01  2.237520609298472019e-01
-7.471312998193273547e-01  1.029148006248047809e+00  2.814957495208186833e-01
-7.676677381624283925e-01  1.118083534428613302e+00  3.447469318812639294e-01
-7.799896018675017695e-01  1.228458471991075163e+00  3.826976412964550045e-01
-7.873827193774102229e-01  1.294683439916200607e+00  4.054680649207577092e-01
-7.918185906086222525e-01  1.353422952820205305e+00  5.049452280619659561e-01
-7.944801133403387450e-01  1.388666680722436153e+00  6.218414678069097423e-01
-7.960770249059483383e-01  1.457324264658636181e+00  8.350040645011681528e-01
-7.776316864512342608e-01  1.508021071033234461e+00  1.163136410412466182e+00
-7.471609959024488878e-01  1.547941417585302348e+00  1.617460564637940967e+00
-7.094750982784034932e-01  1.552889079939056449e+00  2.004474938782462523e+00
-6.868635589862437385e-01  1.536853151890220870e+00  2.150868665145761138e+00
-6.732966368155679504e-01  1.479720241152693294e+00  2.067075070730137298e+00
-6.651564820923375754e-01  1.350417786846606516e+00  2.016798920870368050e+00
-6.602723906639792473e-01  1.168311343690840554e+00  2.072448135874843889e+00
-6.379384504235664499e-01  9.830293048105855913e-01  1.991417762207074782e+00
-6.051346015748773066e-01  7.673351169358580970e-01  1.685354796070545058e+00
-5.466453187357742660e-01  5.238913521228295567e-01  1.215667317489381949e+00
-4.921482629089649619e-01  2.257887627039277256e-01  8.480399342452272782e-01
-4.400465433463485732e-01  -1.008641564987788376e-02  5.702535631600199606e-01
-4.087855123019490944e-01  -1.896206044578427896e-01  2.891618541167501610e-01
-3.706254069016038932e-01  -3.258479307584948859e-01  3.469191878671750578e-02
-3.089223721894282515e-01  -4.455934069971709266e-01  -2.038049534642978888e-01
-2.330935812420391606e-01  -5.554497751817228934e-01  -4.041130186318820372e-01
-1.487893359056644826e-01  -6.688749487058727183e-01  -5.815077986213812444e-01
-7.880330386780202978e-02  -7.939436768251456611e-01  -7.737595776467971476e-01
2.139877330454731039e-02  -9.069939955150202460e-01  -9.463205943509856999e-01
1.203269924657487805e-01  -1.012833277886560079e+00  -1.078462158640906887e+00
2.378943793037571752e-01  -1.095341394244701672e+00  -1.157747105367207707e+00
3.860487553401438787e-01  -1.144846266091529507e+00  -1.176713076305389682e+00
5.913622939962688285e-01  -1.117535538997894040e+00  -1.159487715474543768e+00
8.309713295393125199e-01  -1.044135482749254606e+00  -1.149152492176921392e+00
1.110561156919612102e+00  -8.860682002489732589e-01  -1.200161326548522256e+00
1.452946421863010373e+00  -6.011824365474892629e-01  -1.202161643011089742e+00
1.794201987574790103e+00  -3.352282624085574092e-01  -1.117546917765364745e+00
2.018358793025611941e+00  -1.756557599224466693e-01  -9.809631620556714671e-01
2.017028482700077507e+00  -1.939395051563709838e-01  -8.704079407931573087e-01
1.880405889070647651e+00  -2.429188361433813614e-01  -8.040748093888837600e-01
1.682011446817746281e+00  -2.913109729499310796e-01  -7.642749298921581724e-01
1.504764307339264251e+00  -3.298485271707838895e-01  -7.689999734238418538e-01
1.320802090380754912e+00  -3.244642459753043218e-01  -7.146250597797633164e-01
1.132810799262401691e+00  -2.737223260235187583e-01  -6.247901697453309700e-01
9.229986100747405997e-01  -1.577567369840307820e-01  -5.422842665161760056e-01
7.000938620105076060e-01  -4.066603228141234261e-02  -4.927807225544186820e-01
5.275440451546882237e-01  8.660201436706038702e-02  -4.344736276415642195e-01
3.464002127866868674e-01  2.104741955923987995e-01  -2.850694904481068104e-01
1.600999710986604763e-01  3.513133970729427347e-01  -1.954270074491972764e-01
-8.750457511412797207e-02  5.308396246805124896e-01  -8.443157651861277202e-02
-3.136812471838038019e-01  7.335780663985632666e-01  -1.783431632038992576e-02
-4.881942205021722048e-01  9.122347635261959242e-01  7.933397959660995480e-02
-6.317089759739723531e-01  1.019428771067381723e+00  1.376349584968264428e-01
-7.372213139429313333e-01  1.045736093142453749e+00  1.726155455606259437e-01
-8.199322021392240201e-01  1.023511398544652451e+00  2.508138389333343654e-01
-8.695587357395594408e-01  1.048185664889772495e+00  3.263377828159050864e-01
-8.993346545278919635e-01  1.120003848046664308e+00  4.002571190352873787e-01
-9.172002071595181105e-01  1.239112913482845357e+00  4.160037515674536168e-01
-9.279195359701144508e-01  1.310578360807811649e+00  4.254517310788742401e-01
-9.343511353389388763e-01  1.391466727120436175e+00  4.883304592495099627e-01
-9.382100963418662509e-01  1.430497484166796562e+00  5.546626660410969301e-01
-9.211219889409846262e-01  1.463418201139252028e+00  7.374868443320077294e-01
-8.914656391149662351e-01  1.473668341735757226e+00  1.219045967367668570e+00
-8.542683410625949714e-01  1.508325227708275929e+00  1.822636107963279350e+00
-8.319499608488160058e-01  1.548123925005442603e+00  2.442234939698457286e+00
-8.185589340783681056e-01  1.543496321640059010e+00  2.670969366831490444e+00
-8.105243194104165827e-01  1.521715234185499588e+00  2.550765287975665263e+00
-8.057035499272715562e-01  1.423126129876351120e+00  2.106778216449069152e+00
-7.834076007800579999e-01  1.278452255746291177e+00  1.582941245194277036e+00
-7.506265458984527905e-01  1.058616132221087636e+00  1.154219197131883146e+00
-7.115544296375787559e-01  8.221894828578197867e-01  8.397760217298767538e-01
-6.881111578039393883e-01  5.568039670034685695e-01  5.652952224656091484e-01
-6.740451947177320546e-01  3.025499556946621427e-01  3.720017628150039668e-01
-6.462021314711760001e-01  6.447711277244075334e-02  2.274207184774149348e-01
-6.100928088122411497e-01  -1.543847599382879854e-01  1.120671183220317557e-01
-5.496202437579490452e-01  -3.617200478137073127e-01  -4.295995279354752894e-02
-4.745297318531172537e-01  -5.526371142599829644e-01  -2.503960763837083103e-01
-3.906684553179051167e-01  -7.337032482905174735e-01  -4.606726606392799184e-01
-3.209482012431986719e-01  -9.088588322715245305e-01  -6.440485516666227817e-01
-2.597125654826553109e-01  -1.080468078829892375e+00  -7.826790582293629006e-01
-1.841642111930167358e-01  -1.211940425681274913e+00  -8.944623334077029808e-01
-8.062474379169305705e-02  -1.319330648819053042e+00  -9.615322964607075917e-01
2.030590970065384790e-02  -1.393267058847243112e+00  -1.001774261386195963e+00
1.390747572197772175e-01  -1.437628911571703361e+00  -1.025919462759482981e+00
2.685465218855699887e-01  -1.454743747062128945e+00  -1.040406560484076204e+00
4.432470116097992352e-01  -1.455510378912672875e+00  -1.077703819567750410e+00
6.644882185618589121e-01  -1.408458990674331890e+00  -1.157292075403672182e+00
9.718643091958856228e-01  -1.237694099329179842e+00  -1.205045062887110552e+00
1.311517854962346297e+00  -1.049714721432341236e+00  -1.147881926691221244e+00
1.554116953898917686e+00  -8.989180316901640433e-01  -1.027769149568511509e+00
1.602659006355756643e+00  -8.559513610234654735e-01  -8.984915339897313613e-01
1.476556336757969712e+00  -8.396736307521442955e-01  -8.495299365725218488e-01
1.323280808636998485e+00  -8.394092633683097882e-01  -8.201529787828029106e-01
1.270122451483515658e+00  -8.582551851718398517e-01  -8.311317740306218838e-01
1.626297158830140921e+00  -8.505581959968714356e-01  -8.091140805851094742e-01
2.014633336544169318e+00  -8.174331881318233073e-01  -7.959034665680471132e-01
2.170021082241173183e+00  -7.500468322064122173e-01  -7.307671563173038232e-01
1.778166581070383723e+00  -6.526013952999344392e-01  -6.344754303893177516e-01
1.193791149553534936e+00  -5.466227798998638532e-01  -5.194904523360607262e-01
6.685345324947937762e-01  -4.260219879607657356e-01  -3.932895236877326783e-01
2.563631404642942035e-01  -2.586388046259846529e-01  -2.889639972917511512e-01
-6.855364648850965914e-02  -1.011952734785689784e-01  -1.405537698819796510e-01
-3.411176588636772311e-01  2.177765879478258879e-02  -2.290266455305835225e-02
-5.628665227871749721e-01  6.705460481198485811e-02  4.768800094241405080e-02
-7.153193253618271852e-01  1.037230433894787696e-01  6.143742887561518679e-02
-8.067910103456530369e-01  1.257241059830489505e-01  4.108211520854824356e-02
-8.616740220648471116e-01  1.389247441957405793e-01  2.886892708679712066e-02
-8.946038304535804953e-01  1.658496693854976112e-01  1.359608946988962730e-01
-9.143617141044407814e-01  2.580227887538976139e-01  2.860309865100610915e-01
-9.262164449895052831e-01  3.798425558894868437e-01  4.332829810380257052e-01
-9.333292814591956921e-01  4.814412244813393582e-01  4.358192680950003783e-01
-9.570004687258315546e-01  5.519026997790863476e-01  4.087360711064583763e-01
-9.712031817461442840e-01  5.846773134745287814e-01  3.924861522251371637e-01
-9.797248095580544103e-01  6.233466252845337729e-01  4.685511112636890907e-01
-9.654343008857807495e-01  6.560504804892857145e-01  8.288447758727759407e-01
-9.568599929245718005e-01  6.946773358696647360e-01  1.302465703674175135e+00
-9.517154109224161829e-01  7.368579899746131590e-01  1.815478024238547539e+00
-9.292251755935737600e-01  7.621663824303048784e-01  1.923050620549372036e+00
-8.963275483268102750e-01  7.868536860035671987e-01  1.758754427354098260e+00
-8.571854844913056048e-01  7.636569850235759294e-01  1.345522028341591625e+00
-8.337002469197086763e-01  6.927253417545247149e-01  9.259527546415899923e-01
-8.196091050346547835e-01  5.171345681480054024e-01  5.597913013220850997e-01
-8.111544213005780213e-01  2.977528575811558276e-01  2.828844977351084311e-01
-8.060816082841758545e-01  6.159885548371003133e-02  8.813544438110765267e-02
-8.030379211986936605e-01  -1.656139801080050433e-01  -2.871398698655013709e-02
-8.012117082471789109e-01  -3.779598473887643695e-01  -1.274286157238270489e-01
-7.807124971483799802e-01  -5.813855335591207041e-01  -1.580524245046650844e-01
-7.490094844102138660e-01  -7.224454888674467501e-01  -1.478217371223291832e-01
-6.911807045959215134e-01  -8.545928146193398911e-01  -1.702882975503442475e-01
-6.370799492590106805e-01  -9.813925552792737150e-01  -2.981881133869467848e-01
-5.852160127255534583e-01  -1.142992839417810158e+00  -5.465578256225177567e-01
-5.346941654212641337e-01  -1.287464348399742775e+00  -7.527895917942188930e-01
-4.655740855389219890e-01  -1.412156342955820376e+00  -9.337386021444737949e-01
-3.658915793710137976e-01  -1.496473802404244324e+00  -1.042307991352646068e+00
-2.478716180959621707e-01  -1.556566554219942944e+00  -1.164659576230528293e+00
-9.944570082687678725e-02  -1.602124501593947814e+00  -1.266675477314203491e+00
6.722379188563323837e-02  -1.629459249893617789e+00  -1.327885024776834788e+00
2.448394297370528605e-01  -1.645860125740814528e+00  -1.364610760056645278e+00
4.096192690068488074e-01  -1.608189283886958698e+00  -1.443856162784628250e+00
6.637150590639092629e-01  -1.471559558893496655e+00  -1.520008374988909727e+00
8.937864746726367216e-01  -1.285056726458624343e+00  -1.479884770198047983e+00
1.090039798162178108e+00  -1.125643666387528885e+00  -1.341390704621879149e+00
1.110774362561050443e+00  -1.058502638659195361e+00  -1.172479387558578834e+00
1.045601153422990981e+00  -1.056227099815952419e+00  -1.099737554303324094e+00
9.288832683895049680e-01  -1.083368604958935499e+00  -1.056092481551278883e+00
8.006420825617246440e-01  -1.128160323090530159e+00  -1.029905407315722554e+00
6.848904058151096264e-01  -1.126528525497661581e+00  -9.855882119110624950e-01
5.572289436139989949e-01  -1.087540342335353571e+00  -9.303929084465493160e-01
4.030181198615671034e-01  -1.007133812423159025e+00  -8.972757345052446709e-01
2.328776836907487935e-01  -9.398853770753482495e-01  -8.488004575423456766e-01
3.377599259983839891e-02  -8.900340497846813692e-01  -7.911103214785365489e-01
-1.438954775105603379e-01  -8.411187038111113123e-01  -6.706813281475687560e-01
-3.087088174911373217e-01  -7.737604117161925865e-01  -5.698189615545141695e-01
-4.464037919022399992e-01  -6.763318131070984451e-01  -4.806965710407750114e-01
-5.872312341026346694e-01  -5.608610298879032063e-01  -3.986181668305895376e-01
-7.105346701905878026e-01  -4.060581276266591599e-01  -3.207661530831012464e-01
-8.039202151657577344e-01  -2.561627595381693601e-01  -2.454499742388225048e-01
-8.599515414882337172e-01  -1.757278101605046772e-01  -2.288652381706433869e-01
-9.129738226560233372e-01  -1.464713793886819881e-01  -1.330994861723050204e-01
-9.641906940612640087e-01  -1.099129823800982231e-01  -1.843009208834310575e-02
-1.014324304333818816e+00  -2.457509462164382801e-03  1.075814854926856190e-01
-1.044404466386489982e+00  1.475362079920901071e-01  1.545834601367364891e-01
-1.062452550451153943e+00  2.850437920559761307e-01  1.827846451890227375e-01
-1.073281394001057931e+00  4.150596960862051321e-01  2.283103281512889049e-01
-1.079778693207871676e+00  5.025715119357773153e-01  2.842307084949961538e-01
-1.064273579041554063e+00  6.025899547218960262e-01  4.035978463727890597e-01
-1.035567037578353444e+00  6.721032904909579608e-01  7.040578766962894974e-01
-9.989396404572354893e-01  7.138112906292926052e-01  1.113173679156953533e+00
-9.769632077234929879e-01  7.008270075373329577e-01  1.558877960078878910e+00
-9.637773404980809477e-01  6.360228163430695636e-01  1.711880668095328684e+00
-9.558658166706336390e-01  5.401266762603835758e-01  1.574842487551421533e+00
-9.511189037651724965e-01  4.160730987595077646e-01  1.206569876924640905e+00
-9.482707574053499400e-01  2.941295990038702568e-01  8.425814515433863727e-01
-9.465618702714321264e-01  1.259407936384135951e-01  7.958182374357620770e-01
-9.455365359210194942e-01  -6.999519694279723869e-02  7.963652727378029983e-01
-9.255178471331311219e-01  -3.015840373614760428e-01  7.394835541323351302e-01
-8.941031512655812641e-01  -5.260577789833602580e-01  4.479097932521072245e-01
-8.558508504357107416e-01  -7.367601873647957600e-01  1.871506229681114963e-01
-8.328994685680666255e-01  -9.201952476792000235e-01  2.090149018420518930e-03
-7.997251512724120603e-01  -1.068265367014051614e+00  -1.947610457072909140e-01
-7.604170734107220664e-01  -1.185614265742469753e+00  -4.272916434659527196e-01
-7.174287433835663252e-01  -1.313037229019248686e+00  -6.526249105620852697e-01
-6.916357474553328499e-01  -1.446504643771923782e+00  -8.450348146776620606e-01
-6.567564658759249552e-01  -1.583598689132716952e+00  -9.890857385884173070e-01
-5.970219240705888497e-01  -1.694361944815462762e+00  -1.132726224561218187e+00
-5.029707400301411946e-01  -1.770322140805448585e+00  -1.218910524326570766e+00
-4.077330567659432914e-01  -1.815898271836294375e+00  -1.299226059797534916e+00
-3.117834759981900628e-01  -1.843243957131321720e+00  -1.347415381079650976e+00
-2.154067581443330770e-01  -1.859651375042721266e+00  -1.404933937590347792e+00
-1.187737563064445306e-01  -1.859993542926529742e+00  -1.439445064706752930e+00
-2.198698490656854007e-02  -1.822189745775598224e+00  -1.488756731962488145e+00
1.136990204623445494e-01  -1.694982503614402614e+00  -1.518343739112245849e+00
2.921280523605324642e-01  -1.514133174319524322e+00  -1.450281038509021236e+00
1.043770557932732990e+00  -1.003772018869888427e+00  -1.124534536945016150e+00
1.690443464483821545e+00  -6.217927690301321419e-01  -8.079480536661162171e-01
2.281320221769029377e+00  -3.263449615122973047e-01  -5.826725066227012029e-01
2.191980845518943788e+00  -3.898611333728573269e-01  -6.071090277824765513e-01
2.058609925726583967e+00  -4.372568299401298209e-01  -6.462074623088646108e-01
1.845641863056918464e+00  -4.842662247095805284e-01  -6.452300011814715575e-01
1.664682850162524819e+00  -5.217578536461544569e-01  -6.202070026685390092e-01
1.529518344401561647e+00  -4.978228765481064744e-01  -5.563201585255638237e-01
1.368652339991480948e+00  -4.370319431887602080e-01  -5.179880513577019840e-01
1.165776324539890219e+00  -3.448414386523152575e-01  -4.461157413343174172e-01
8.845161092165133576e-01  -2.245252066694480853e-01  -3.785558341550629979e-01
6.094035969472195724e-01  -4.090358282652955396e-02  -2.891468420661214012e-01
3.379796854292262398e-01  1.621292930406726673e-01  -2.110649236342467816e-01
9.535804137605456698e-02  4.418108533691044171e-01  -4.203315586637681317e-02
-1.299822460237374799e-01  7.024796894929354885e-01  1.082589491184442615e-01
-3.183646168944598842e-01  9.238829143750018069e-01  2.228707319185219415e-01
-4.845722406579314190e-01  1.001008896717729524e+00  2.427647552039067513e-01
-6.108859108568381879e-01  1.037998516177988551e+00  2.547011698612439701e-01
-7.132632165443206773e-01  1.060192291870551085e+00  3.351725903192147582e-01
-7.746895992601758874e-01  1.129224519298442919e+00  4.323284889554767085e-01
-8.115454302609731441e-01  1.226359770762540435e+00  5.639315943633724793e-01
-8.336589274549047746e-01  1.377500815804928447e+00  6.428934582692295008e-01
-8.469270257547715230e-01  1.514615393234737928e+00  6.658340507248841078e-01
-8.548878840798606049e-01  1.615456115833737716e+00  6.551618856891745502e-01
-8.596643997817261518e-01  1.675960582941605770e+00  6.243220607417614421e-01
-8.625303078140692525e-01  1.702977251654477664e+00  6.791277367195130976e-01
-8.642498539963995308e-01  1.747045247299350290e+00  9.075033306732445126e-01
-8.386924809178536444e-01  1.764200039853505375e+00  1.313330449068049743e+00
-7.967689590677743405e-01  1.765206917258351549e+00  1.801191933776286946e+00
-7.450257458855031878e-01  1.710095108544050557e+00  2.582639274333453638e+00
-7.139798179847738346e-01  1.630598059462342375e+00  3.809039868688620878e+00
-6.953522591566582145e-01  1.499325933988991943e+00  4.862555027582027734e+00
-6.841757238353700643e-01  1.383418686275826648e+00  4.932624095418330690e+00
-6.774698019637775959e-01  1.230300421504630259e+00  4.266006374807011170e+00
-6.734462509112221218e-01  1.054855559924109620e+00  3.377305292018198735e+00
-6.710321196062719595e-01  8.010127935570752200e-01  2.770775078857623530e+00
-6.429945420972376091e-01  5.187032798891466623e-01  2.138055218192785656e+00
-5.995828941427087111e-01  2.750296446282755047e-01  1.636240695972178472e+00
-5.469468073357497406e-01  4.525154966927850270e-02  1.237405880983855511e+00
-5.153651538586231373e-01  -1.297592662962225862e-01  8.514858459980688687e-01
-4.698270623980157490e-01  -3.276256570817808189e-01  4.977512035885275354e-01
-4.159151081282639884e-01  -5.113474218219946632e-01  2.366373812369983176e-01
-3.569788354919095630e-01  -7.051543961679975769e-01  1.044056087743143318e-01
-2.950279738672660912e-01  -8.957265034620174315e-01  -4.824302166856046792e-02
-2.312683568000706846e-01  -1.075071706493107682e+00  -2.375782906620731993e-01
-1.398343874120988595e-01  -1.229108772006210160e+00  -4.489255426091823820e-01
-5.838490469030775676e-02  -1.321531003966000872e+00  -6.001704162407307530e-01
7.025208384689408947e-02  -1.376984343148261125e+00  -7.153538656663147588e-01
2.272015748304070382e-01  -1.400970348515768960e+00  -8.089004585330716868e-01
4.277276680751624371e-01  -1.406075960306582218e+00  -8.894649381286019452e-01
6.278106263211937765e-01  -1.409139334091346951e+00  -9.866766634751845677e-01
9.871622903113500547e-01  -1.299545501490708910e+00  -1.069440213025689923e+00
1.468664299251259964e+00  -1.075927367758062303e+00  -1.021352258799825607e+00
1.890510994026168401e+00  -8.303245903692322294e-01  -8.703168804495322597e-01
2.063851707838287197e+00  -6.922489032921107510e-01  -6.330765244286267190e-01
2.008321534242810014e+00  -6.651194422935259309e-01  -4.662957780803924646e-01
1.868647038007537953e+00  -6.488417657171711150e-01  -3.662273309592539716e-01
1.731664164994638266e+00  -6.483611471573617058e-01  -3.794958316358896244e-01
1.622885322404567399e+00  -6.480727753537240954e-01  -4.363299804656185499e-01
1.557618030673790788e+00  -6.293277727737304206e-01  -4.459939445203395803e-01
1.438690327006115988e+00  -5.809368135793107069e-01  -4.029192772138579515e-01
1.260977323161463826e+00  -5.054722862979912357e-01  -3.037649079194389978e-01
1.021404007948467418e+00  -4.230496095580971727e-01  -2.442722876932132969e-01
7.713036385276420548e-01  -3.271660504002922298e-01  -2.085767162412191789e-01
5.148870116538382113e-01  -2.046339832874913001e-01  -2.115958938568822945e-01
2.812697366704904334e-01  -5.682681892870522500e-02  -1.645343547130539152e-01
3.474297339163755216e-02  9.685940964695390065e-02  -8.742438509093311549e-02
-2.195294863132107310e-01  1.797851550029246903e-01  -1.672188233769625679e-02
-4.518602589370673828e-01  2.666845611835658714e-01  5.013614203364378380e-02
-6.178478232813536808e-01  3.559681685824152009e-01  1.391240033252013342e-01
-7.174403632642751827e-01  4.931122458141487530e-01  2.902628123991660702e-01
-7.771958879654851104e-01  6.218286432420756515e-01  4.298191447457434533e-01
-8.130492027842198821e-01  7.454884307738713911e-01  5.135529421177722487e-01
-8.345611882406333004e-01  9.032582328864123822e-01  5.149201734439827760e-01
-8.474683815796038022e-01  1.062922029310244820e+00  5.157405122639919792e-01
-8.552126989813035873e-01  1.223722236440312416e+00  5.162327168933317223e-01
-8.598592907907662841e-01  1.338774316041994483e+00  5.409645622123011588e-01
-8.626472430951149795e-01  1.417091575382745328e+00  5.802401918993491670e-01
-8.643200158602220018e-01  1.482653913852715943e+00  7.748612130997336589e-01
-8.653236795160197392e-01  1.494133362782433583e+00  1.062689509312967351e+00
-8.659258791038779712e-01  1.473163057863834391e+00  1.406442152844754379e+00
-8.396980973964776052e-01  1.442008905463865398e+00  1.588257236172791798e+00
-7.973723268724085544e-01  1.423316387201508881e+00  1.550727125177337573e+00
-7.453877672419230160e-01  1.449244855368888807e+00  1.357153396850865112e+00
-7.141970293761014110e-01  1.390513998124538464e+00  1.094390012479490304e+00
-6.954825873739051145e-01  1.243843616830708099e+00  9.611685084897412246e-01
-6.842539214855236640e-01  9.886935470433283468e-01  8.079260310610066886e-01
-6.775167240101541699e-01  7.241716268116190625e-01  6.915440302394638694e-01
-6.734744055389945139e-01  4.354546161287125572e-01  5.239687355684081727e-01
-6.710490137618272399e-01  1.415065332298590939e-01  3.989870396504708872e-01
-6.695937773133402438e-01  -1.648661790498505142e-01  3.239980193733961733e-01
-6.421315374240035290e-01  -4.044057476111049820e-01  2.545680839858646127e-01
-5.990650926968036361e-01  -6.038454279304067418e-01  1.151640299387048233e-01
-5.200470270982683330e-01  -7.420812183092756475e-01  -9.066101712470199525e-02
-4.460470862399099623e-01  -8.807386276838241601e-01  -3.119021354474483254e-01
-3.750580223525996071e-01  -1.010363036500115497e+00  -4.690833275825164739e-01
-3.058754846072747058e-01  -1.143853613565883220e+00  -5.878285640513080113e-01
-2.111877628492743464e-01  -1.261091924162055289e+00  -6.590757059163350196e-01
-7.460783004318677358e-02  -1.359292864663709466e+00  -7.262605176616396818e-01
8.710743010671445630e-02  -1.436785418577396944e+00  -8.154444490650465394e-01
2.639038847499214913e-01  -1.483280964351739062e+00  -9.178278549741443193e-01
4.763381577383413723e-01  -1.492606322381430761e+00  -1.003694408785996472e+00
7.101551209903540496e-01  -1.461057564767147321e+00  -1.079650882642461562e+00
1.009979908458559450e+00  -1.321410428321217578e+00  -1.149661299005627635e+00
1.508943956419266597e+00  -1.070474317521722840e+00  -1.118357979910798328e+00
1.941267880123908274e+00  -8.363387503191942463e-01  -1.001829880663058114e+00
2.174073119744764249e+00  -6.865714192621814593e-01  -8.097303969433510273e-01
2.074454409031675883e+00  -6.709989426566767001e-01  -6.944707182894521713e-01
1.934915881645976388e+00  -6.802274341887288855e-01  -6.253149090607962313e-01
1.984138262190031865e+00  -7.229084907788516645e-01  -6.082579460399275550e-01
2.625220958679041594e+00  -7.763750956765983480e-01  -6.224602914328940528e-01
3.355528871494038778e+00  -7.991690691736679231e-01  -6.309817006983107213e-01
3.660768142926746016e+00  -7.849874836849409787e-01  -6.116580217251303964e-01
3.126005997174287732e+00  -7.207625891738945745e-01  -5.267542440442254392e-01
2.273366735600609090e+00  -6.265117099598965789e-01  -4.269389323836703110e-01
1.522481261961909915e+00  -5.328172200782613777e-01  -3.426132255829529294e-01
9.124153952219581365e-01  -4.301705763798318594e-01  -2.675812789585224061e-01
4.400194620452499428e-01  -3.128666503163322066e-01  -2.225621082861841127e-01
7.681460553732927243e-02  -1.496243928236735965e-01  -1.466775601539412333e-01
-2.208756058589565197e-01  8.761081479283949758e-02  -7.671030842773494951e-02
-4.526679325265376419e-01  3.320978309731457134e-01  1.414308649897537754e-02
-6.183324274458622538e-01  5.159340013984541340e-01  9.309164555942944785e-02
-7.177311237159669233e-01  5.890917455041201345e-01  1.893338270536207013e-01
-8.039594436322393678e-01  6.237004012414225640e-01  2.959521821579713663e-01
-8.822855370541082820e-01  7.280395060926553308e-01  3.843597208844398705e-01
-9.292811910244399565e-01  8.927888619578935314e-01  4.374042414014622793e-01
-9.574785820582887297e-01  1.065926413612971579e+00  4.447944325270046795e-01
-9.743970152577833277e-01  1.188380914064680383e+00  4.492285438184845936e-01
-1.011137169066131269e+00  1.252567636309467769e+00  4.274524894201454650e-01
-1.006592166786879350e+00  1.272507680091560456e+00  4.143868554323039688e-01
-9.772760674182793261e-01  1.284471713077348642e+00  4.554205234588436513e-01
-9.330973153004272769e-01  1.291650126162903200e+00  6.999694365132281826e-01
-9.065900577858966303e-01  1.295957167287087097e+00  9.933179262661108178e-01
-8.906857018997118569e-01  1.279969415809990796e+00  1.267073108183177865e+00
-8.811430911202836613e-01  1.251804761948546840e+00  1.358016648386610958e+00
-8.488284259673349874e-01  1.216334006905144260e+00  1.339273195420161100e+00
-8.294396248040567521e-01  1.111477637738150559e+00  1.156971465290651979e+00
-7.912172447346572657e-01  9.464179387086769646e-01  9.009712853127249677e-01
-7.682838146136372615e-01  7.266642287240276943e-01  6.496250899539131041e-01
-7.279346591979326542e-01  4.926661157992995865e-01  4.743808515947314230e-01
-7.037251645571723779e-01  2.129773954076371323e-01  3.447977853594420550e-01
-6.891994684715844199e-01  -7.555370929691794524e-02  6.091592779440686556e-01
-6.804840522357047394e-01  -3.229602941512087488e-01  7.922126878310831177e-01
-6.486657009871821256e-01  -4.806902365132302846e-01  8.776082112681251601e-01
-6.029855922185237693e-01  -6.031861735225740873e-01  4.889880998543001955e-01
-5.489884241063877068e-01  -7.323996755916128976e-01  1.091969025987564040e-01
-5.165901246433078908e-01  -8.935017009967335389e-01  -2.408604311179064483e-01
-4.705620441634563167e-01  -1.055164852894607153e+00  -4.997678760359109407e-01
-3.897669963964617290e-01  -1.198592691109836794e+00  -6.795488640763055477e-01
-2.615226688671358768e-01  -1.312507353579346780e+00  -8.118539787321886747e-01
-1.048087727798875934e-01  -1.399428127200904370e+00  -9.156735707360822429e-01
4.239776147356939806e-02  -1.442294593234769717e+00  -1.002401843046083929e+00
1.838998842710085069e-01  -1.458728481411307953e+00  -1.030002287309113251e+00
3.219793581276421679e-01  -1.450016838171546363e+00  -1.046562568796974402e+00
4.845943421419713903e-01  -1.444789879077999384e+00  -1.080935242517325312e+00
7.151088316441582826e-01  -1.330221813209491399e+00  -1.150431885692018597e+00
1.066130305982109228e+00  -1.103619132806375580e+00  -1.143256819089281562e+00
1.383099599953173442e+00  -9.026555791752741698e-01  -1.065642236028799594e+00
1.599870262564947243e+00  -8.006494358832850766e-01  -9.213273974446748449e-01
1.623576295727208407e+00  -7.951616924674741460e-01  -8.347384861278204227e-01
1.584621705749203802e+00  -7.825830556753841094e-01  -7.827851366544748002e-01
1.534659860669436160e+00  -8.121798325847630062e-01  -8.004861747401291749e-01
1.478093641804596237e+00  -8.485098788937378567e-01  -8.111067962261263586e-01
1.444153896680876459e+00  -8.424499377678723588e-01  -7.930426486218220550e-01
1.344022762479615718e+00  -7.923840233502770225e-01  -7.333311136486723170e-01
1.204176774063246524e+00  -7.344865037631225224e-01  -6.730676722072057583e-01
9.873236971364623971e-01  -6.533180388848109921e-01  -6.124730814282062230e-01
7.242663436285537992e-01  -5.303290399234913410e-01  -5.516798051114204515e-01
4.334864359384554833e-01  -3.822477185257783239e-01  -4.663307908765979559e-01
1.792511914234039549e-01  -1.819670443199773446e-01  -3.906848631925365911e-01
-2.646815582459443109e-02  3.106126355530842986e-02  -2.964242581580978086e-01
-2.030779629535429398e-01  2.145941901420258813e-01  -2.154313753284025912e-01
-3.888111464764382186e-01  2.875699833971685493e-01  -1.423991207248283264e-01
-5.534292550231473262e-01  3.220694701350407252e-01  -7.414324661822957463e-02
-7.053783230996054643e-01  3.520551522428163604e-01  -3.318972092167014193e-02
-8.231368640476816045e-01  4.443344849236973149e-01  4.025543813866067772e-02
-9.203810900715133636e-01  5.925619867186614487e-01  8.432253544027973335e-02
-9.521385214783560924e-01  7.929303715379274475e-01  1.596358390092608159e-01
-9.446038809008505677e-01  1.033869278910031220e+00  1.803873010122679643e-01
-9.134939950991797231e-01  1.224862579124729178e+00  2.417112212262028936e-01
-9.214171664700890885e-01  1.376602503512181386e+00  2.785055747076249366e-01
-9.261710679180967798e-01  1.421216511731465459e+00  3.005821847723623153e-01
-9.290234101743840567e-01  1.466556892823656089e+00  2.893916303390776656e-01
-9.041457154273073726e-01  1.465903153863587383e+00  3.804233856999897356e-01
-8.892190978712124494e-01  1.437652949639546485e+00  5.572250563028975368e-01
-8.802631266442038083e-01  1.355700873680573793e+00  7.854886705817770709e-01
-8.748895439089009463e-01  1.287957672115269459e+00  8.735737961628258219e-01
-8.450762941931401206e-01  1.256597729156944121e+00  8.286787780208151322e-01
-8.005992470451700482e-01  1.200637831206801565e+00  6.551226306179153136e-01
-7.739130180708023721e-01  1.074201971436290703e+00  5.021158978375727111e-01
-7.579012834310220326e-01  8.497646041519431037e-01  3.614388103935197716e-01
-7.748833392681905297e-01  6.036702946922626323e-01  2.525960360999889853e-01
-7.584834747604664029e-01  3.445818326634177975e-01  1.384173240765332880e-01
-7.486435539821922891e-01  7.769687397958252584e-02  2.103705161920938621e-02
-7.161505014526730051e-01  -1.660080139963356627e-01  -7.382763571612964426e-02
-6.966546705995894095e-01  -3.865188688182690790e-01  -1.796194935024057471e-01
-6.583680734120009870e-01  -5.559693409797232810e-01  -2.919676502930456663e-01
-6.088070149850439705e-01  -7.226415568861442873e-01  -4.326861139806926215e-01
-5.524812784678525546e-01  -8.876468257662291084e-01  -5.904267590700469359e-01
-4.920967371667543944e-01  -1.051651906958126492e+00  -7.339441938783222152e-01
-4.292769122883003385e-01  -1.196484898077533776e+00  -8.689276998013738540e-01
-3.384068185780241822e-01  -1.311242650892053607e+00  -9.987908341241442667e-01
-2.307065607702442900e-01  -1.407955283595025531e+00  -1.101145247440894037e+00
-8.631910929160792334e-02  -1.484554859493190992e+00  -1.186994420686491525e+00
8.008066118256103316e-02  -1.530514591622405662e+00  -1.238503937566821200e+00
2.330987229384817172e-01  -1.530232476739585623e+00  -1.244973106131240570e+00
4.046768602521642055e-01  -1.502205240221061278e+00  -1.273291121643262302e+00
6.139801409339061822e-01  -1.401814982184105052e+00  -1.314718458906948939e+00
9.522749245825543607e-01  -1.183718986468881296e+00  -1.315138340121199123e+00
1.288197266185890477e+00  -9.785734562765263655e-01  -1.193207666424874303e+00
1.542928867830280826e+00  -8.462001702017328819e-01  -1.022303168027291820e+00
1.695767837113963283e+00  -8.317781244905663174e-01  -8.953239532624218677e-01
1.760882120687551122e+00  -8.045529142278575740e-01  -8.680094646889138232e-01
1.746772501739188410e+00  -7.789318000024479938e-01  -8.516207729144423810e-01
1.605361205723051077e+00  -7.728451201855360830e-01  -8.662240790163711068e-01
1.440747140959920181e+00  -7.691931129552913582e-01  -8.749860633485396777e-01
1.262211408051358452e+00  -7.391439356750031386e-01  -8.802432532592561198e-01
1.075322667352338391e+00  -6.468265079717363530e-01  -7.856514784871487800e-01
8.568330357142880382e-01  -4.985761491441020321e-01  -6.555868440159149380e-01
6.193828460181056705e-01  -3.074800408564973275e-01  -5.531115415044987049e-01
3.971454340032730124e-01  -9.067648292720949244e-02  -5.160628797795004941e-01
1.574465891988502397e-01  1.136935718755316266e-01  -4.693971608969644271e-01
-6.614001809490066552e-02  2.641735743022417537e-01  -3.925246818154952688e-01
-2.800592820196623478e-01  3.730335559547082180e-01  -2.975281527217097932e-01
-4.615890405472188318e-01  4.662075171980911703e-01  -2.405302325684879616e-01
-5.970959949318548343e-01  5.685418450786274835e-01  -1.818949592889751721e-01
-7.049892669896168362e-01  6.670864028169548599e-01  -1.467137936232382200e-01
-7.697252295350600626e-01  7.262131367986440766e-01  -1.256050960542110517e-01
-8.085668070556580878e-01  7.988331382063214026e-01  -1.129398771875771701e-01
-8.318717528534632644e-01  9.259790659094556675e-01  -8.090422281306840213e-02
-8.458547210171600828e-01  1.141556479203140739e+00  -3.724630649892116813e-02
-8.542444998509223231e-01  1.335904856438898003e+00  -1.105155730727011912e-02
-8.858674693214979579e-01  1.461799856792888930e+00  -1.977123044958764911e-02
-9.048412509887411304e-01  1.490906906545970800e+00  -4.943955726024560487e-02
-9.162255206662541784e-01  1.517657127814536988e+00  -9.167707724389612123e-02
-8.964669803059399644e-01  1.552279256857133527e+00  -1.927349854255695771e-02
-8.846118554267894396e-01  1.545194546578093187e+00  1.463512630458427277e-01
-8.509096825027473443e-01  1.475941800555834904e+00  3.679087369612131786e-01
-8.306883780574391141e-01  1.360102221493699304e+00  4.519701756054794184e-01
-7.919664973435931454e-01  1.244168537057477320e+00  6.001531288729223812e-01
-7.687333654632827473e-01  1.100320391622453764e+00  1.348849029307604308e+00
-7.282043883227938830e-01  8.840076344336802450e-01  2.189050910892222035e+00
-7.038869999875833061e-01  6.520740864890485211e-01  2.522116384908973163e+00
-6.892965683388029285e-01  4.571980178643850201e-01  1.964423467087153208e+00
-6.805423107542329930e-01  3.031284196862008562e-01  1.214386843009719330e+00
-6.752897555042031152e-01  1.363987383935705011e-01  7.154918207983169687e-01
-6.721382230631705035e-01  -4.721298175620582821e-02  3.428452188165567183e-01
-6.702473021955622778e-01  -2.409539279718618532e-01  -2.925346111140124557e-03
-6.425236523489543661e-01  -4.407724061161896190e-01  -2.836972553451237444e-01
-5.993003630357791600e-01  -6.349514137827673155e-01  -4.521603988283857123e-01
-5.467772886658704978e-01  -8.071747608964632281e-01  -5.532382876618124889e-01
-5.152634433778265910e-01  -9.662246949314676758e-01  -6.627580660125704792e-01
-4.697660354324103560e-01  -1.108084633313058509e+00  -8.017795019585257643e-01
-4.158784926349426980e-01  -1.258202502810551904e+00  -9.585019215711779728e-01
-3.303677660723808307e-01  -1.376131221598838383e+00  -1.076971913517092316e+00
-2.258831299648868529e-01  -1.446888412608206664e+00  -1.172490435289485378e+00
-5.683594865647689093e-02  -1.461484779736450523e+00  -1.229801566689796122e+00
1.243596583207333961e-01  -1.451670610475241263e+00  -1.288624739530473740e+00
3.394334201213255464e-01  -1.427210152870551862e+00  -1.323918656805915139e+00
5.748340782381679004e-01  -1.366103914497378113e+00  -1.393968042705583832e+00
9.553763863410215107e-01  -1.171578340649640948e+00  -1.411561173454255469e+00
1.369825453153919570e+00  -9.527170953370546203e-01  -1.348807461236326333e+00
1.087817851568916305e+00  -5.339552076067575204e-01  -8.567238012793146895e-01
