3.112573988254820345e-01  -1.493549744054395001e+00  -3.046483102412780863e-01
-2.648533443991104783e-02  -1.488386217668050682e+00  -3.798859863383077795e-01
-3.053869375857172219e-01  -1.470945038686759743e+00  -4.832180484213537963e-01
-4.727279008736915422e-01  -1.417451203027735973e+00  -6.292687220189876474e-01
-5.731324815109088977e-01  -1.313639653862916035e+00  -7.233646228186930704e-01
-5.571192688153622230e-01  -1.222666625226110693e+00  -7.862876572640814521e-01
-5.220926835594874582e-01  -1.139396695339283339e+00  -8.369724698953870945e-01
-3.358554814698805902e-01  -1.046405595504629860e+00  -8.738488534506828609e-01
-2.368224862534492603e-01  -6.750638219184728062e-01  -9.024401768887264641e-01
-1.519840384218921481e-01  -1.940838384820292029e-01  -9.131294756629158016e-01
-1.264996238678559037e-01  2.666207612277613492e-01  -9.195430549156260458e-01
-8.579032197752380073e-02  4.856713190772704025e-01  -8.910637292719496561e-01
2.181894785374351251e-03  5.597294480178631737e-01  -8.351831606677161401e-01
1.312211873664427819e-01  5.754782255600069396e-01  -7.887238289018141391e-01
3.230287051463203718e-01  5.418983393460276021e-01  -7.737792197809126860e-01
5.016598481235273743e-01  5.074073587435984356e-01  -7.906744355515058498e-01
6.978038202476248841e-01  4.867127683614634326e-01  -8.137425549664654145e-01
1.069676740172069040e+00  5.460112680454276557e-01  -8.275834252819996850e-01
1.508859052087173858e+00  6.246195199159690903e-01  -8.423534461439438070e-01
1.734240456254182439e+00  7.148136237793445424e-01  -8.447499606608958045e-01
1.831341303896778960e+00  7.402439835962673076e-01  -8.461878720727803449e-01
2.054823082288188107e+00  7.841883013293268201e-01  -8.470506155471397847e-01
2.303296087054820251e+00  8.105548933055747307e-01  -8.152407884432971708e-01
2.172774710300572121e+00  8.694039985086208233e-01  -7.638274129328125328e-01
1.624216768790290422e+00  9.333995532622281210e-01  -6.812554278249581818e-01
1.028186146812853696e+00  1.072198242569773807e+00  -5.799882722618648900e-01
6.451491222783882762e-01  1.155477470421450104e+00  -4.287110472515949788e-01
4.661642165529775728e-01  1.162415866618269122e+00  -2.280312932912776369e-01
3.587732703266238721e-01  1.109206678917428412e+00  3.461745442273823914e-02
3.324666862697910341e-01  1.034252010823635270e+00  3.926370543107156053e-01
4.437760003190118763e-01  9.462500565495818305e-01  8.596031171817902772e-01
5.613988998618248960e-01  8.217336504446830503e-01  1.340213109019671389e+00
4.921700427849792225e-01  7.470237979562547315e-01  1.693234074049017490e+00
1.964461911907858793e-01  8.025992408200885997e-01  1.846857204716070955e+00
-1.335000439963016927e-01  1.036747220739841602e+00  1.842048639986233027e+00
-3.695957659948336249e-01  1.177235990350013362e+00  1.768043027166452896e+00
-5.112531963848000460e-01  1.175470958869696547e+00  1.678381215161868223e+00
-6.089569813307221802e-01  1.002295324902543250e+00  1.572860156080434502e+00
-6.421605981576411493e-01  7.549594543776888544e-01  1.483685551475712350e+00
-6.875014244734926061e-01  3.627260569567551940e-01  1.397853312162641304e+00
-6.638686119872261315e-01  -1.164458409567164787e-01  1.320492006159733167e+00
-6.751075786399741707e-01  -5.330364352296891317e-01  1.280540696344860674e+00
-7.326882655493894836e-01  -7.686477422511676094e-01  1.256569897019800486e+00
-8.816206049554958790e-01  -8.526423248363257379e-01  1.222790935518325517e+00
-1.072654641271700848e+00  -8.313238198053838346e-01  1.034420702100330214e+00
-1.263531021328519577e+00  -8.328757663342500894e-01  7.532956805752464291e-01
-1.441603485783728544e+00  -9.342082750194595775e-01  4.294487795553461607e-01
-1.484900330844977745e+00  -1.109752186206036439e+00  2.092786590206230368e-01
-1.409203808704591721e+00  -1.243764626591290501e+00  3.838361504556933590e-02
-1.033343415190044245e+00  -1.324172104450333620e+00  -8.354989506913397534e-02
-2.994540869336782540e-01  -1.372416604759939984e+00  -2.084339629316161180e-01
2.933914153863929064e-01  -1.401363325317053210e+00  -3.092263870992333907e-01
4.584588200501613087e-01  -1.418731337239177215e+00  -3.244433759726078614e-01
7.454484151796904323e-02  -1.414809101645104095e+00  -3.852975324585932726e-01
-2.701874847743883090e-01  -1.398112676762466755e+00  -4.735339868373137362e-01
-4.643175538172585326e-01  -1.359408743104405293e+00  -6.299237830622469447e-01
-5.553769430656655404e-01  -1.278814150688266871e+00  -7.366886514235625461e-01
-6.227219061310316217e-01  -1.201771336909755794e+00  -8.007475697291225325e-01
-5.868729214989465426e-01  -1.126859542726369456e+00  -8.585794079994638617e-01
-5.018168942714226199e-01  -1.010197218441556855e+00  -9.062095015751372440e-01
-3.363993338853293324e-01  -6.533387844775181419e-01  -9.347875577468893749e-01
-2.625674532371763403e-01  -2.097349144614419347e-01  -9.454688968102135105e-01
-2.055589981392073884e-01  2.285440131332823199e-01  -9.324812116176475207e-01
-1.459352726081908358e-01  4.484822183062495693e-01  -9.117576112014600387e-01
-5.932372990250044109e-02  5.517590398334417667e-01  -8.540649817895463736e-01
9.431781192691854332e-02  5.563529304405362419e-01  -8.194494075204148409e-01
2.500493702219192538e-01  5.160801093371625292e-01  -8.051455589465698059e-01
4.070349411817019702e-01  4.775733664493738706e-01  -8.224252296787284422e-01
6.410288788512917835e-01  4.544693207044566141e-01  -8.392585281142445064e-01
1.061030420385890904e+00  4.979790982736803651e-01  -8.364275151884557058e-01
1.478252601833193625e+00  5.240849634461920425e-01  -8.153324242031899649e-01
1.601492639240489124e+00  5.254054330085634605e-01  -7.703478910401865276e-01
1.586471371795557195e+00  4.688255117651451420e-01  -7.433571731713687347e-01
1.780807855742686074e+00  4.492206106198471938e-01  -7.594902169843635864e-01
2.202433591751576270e+00  5.378590229413025003e-01  -7.885665298734332307e-01
2.226641164861082434e+00  6.340712224150693022e-01  -7.930813263210825248e-01
1.885304544969774287e+00  7.348276961917390437e-01  -7.505317363389888419e-01
1.439025340099327144e+00  8.669968234816363140e-01  -6.732780225399530583e-01
1.183967153681853679e+00  9.462983066707080226e-01  -5.364088592316209603e-01
1.221572138554119169e+00  9.365069908735066395e-01  -3.443739449992176405e-01
1.155169850739659942e+00  7.441725537560635040e-01  -1.063085835484936514e-01
1.128037804089286222e+00  5.570566321324317283e-01  2.240299926275615694e-01
1.073630588236050842e+00  4.017579270896898813e-01  6.679219432900592723e-01
1.168079532980348390e+00  3.229217529540847065e-01  1.173480434136442208e+00
1.123074281116646311e+00  3.043061496129202959e-01  1.541470483077774123e+00
7.910472885480488436e-01  3.791950931319376106e-01  1.704075078216658490e+00
3.249352366446268126e-01  5.675589697455005744e-01  1.711120906319700374e+00
-3.098795989453999658e-02  6.805772936959589847e-01  1.637762468883747324e+00
-2.318325524896099055e-01  7.197021875840594607e-01  1.535557927110805521e+00
-3.523393087449366856e-01  5.854035631679663787e-01  1.416045742914239680e+00
-4.119340363309226261e-01  4.761382866460691643e-01  1.312010942359121524e+00
-5.239468325451068775e-01  1.524042062812506482e-01  1.230193586847975862e+00
-5.784451835546345899e-01  -2.426389513616689919e-01  1.168172178878836620e+00
-6.746908271089991915e-01  -6.661245037633042321e-01  1.118028352931756730e+00
-7.959848503753332860e-01  -9.202158427083033665e-01  1.055614584158877101e+00
-1.021273191338248898e+00  -1.072670647453402681e+00  9.535113745053203083e-01
-1.245411483694409682e+00  -1.121114384330384350e+00  8.081980076443042726e-01
-1.430731780686971932e+00  -1.121494526660415492e+00  5.981655793303706226e-01
-1.567342607445863401e+00  -1.093036492536297200e+00  3.428362171273207082e-01
-1.611181121910579606e+00  -1.118990841161324301e+00  1.055871592924959856e-01
-1.484972283334142551e+00  -1.134563423139325566e+00  -6.262425538249209722e-02
-1.269444386865867358e+00  -1.158250035475406836e+00  -1.829475911239646091e-01
-8.351038061665070344e-01  -1.186805025245503353e+00  -2.939345636199603429e-01
-1.423823538797871213e-01  -1.218281089024146890e+00  -3.993197189175810569e-01
4.511810979340708516e-01  -1.251509797245911493e+00  -4.237578382053708848e-01
6.293885920451178784e-01  -1.257103965829146963e+00  -4.772136816628931855e-01
3.169053012562162430e-01  -1.246117424223279757e+00  -5.674766475111223674e-01
-4.851524869645674337e-02  -1.210839393378746465e+00  -7.121513607044149818e-01
-3.058955616286888057e-01  -1.160986475731285994e+00  -7.989561872557108257e-01
-4.603237476313711829e-01  -1.102388619236495115e+00  -8.445735852043105840e-01
-4.004687372046691896e-01  -1.052886842182290783e+00  -8.848750172846779893e-01
-2.628811143592630351e-01  -1.008842734548395459e+00  -9.219868664831217808e-01
-4.052594761947315993e-02  -9.393871144969514475e-01  -9.442539780244890713e-01
1.663119083133929310e-02  -6.108527292185597091e-01  -9.576142409077916806e-01
1.271814348961501084e-01  -1.699002347352892572e-01  -9.656304013337643211e-01
1.808022555748459437e-01  2.524448227100594688e-01  -9.575091056182181148e-01
3.527773445952551157e-01  4.341366029294891349e-01  -9.203088550242755073e-01
4.305437439347604145e-01  5.001225185466144918e-01  -8.915232073218491982e-01
5.280408925506905327e-01  5.253710142752842094e-01  -8.807173133497644413e-01
6.119578316945337715e-01  5.261770614676207769e-01  -9.000957588723806913e-01
9.546225231642664344e-01  5.123176381822206471e-01  -9.181883215171764423e-01
1.668594392444685770e+00  5.326880880672859586e-01  -9.355093557478879607e-01
2.249489464791562199e+00  5.735964598478843213e-01  -9.459019749235421104e-01
2.407386594047427941e+00  5.981414849373973830e-01  -9.521375464221062401e-01
2.260647687527162830e+00  5.841823975037497840e-01  -9.623443833072881093e-01
2.439500172735027395e+00  5.758069436796967588e-01  -9.813994767427711707e-01
2.750160901280172876e+00  6.138108220993792052e-01  -9.928325341446336827e-01
2.644242801329010906e+00  6.509561993814391156e-01  -9.802958826294519978e-01
2.046900241167543211e+00  7.162725805462595297e-01  -9.275154252373860597e-01
1.319924211804393677e+00  8.558637778910738181e-01  -8.505886816016274832e-01
7.947733196831788804e-01  9.826476381640665281e-01  -7.268466950682740402e-01
5.432293970853838694e-01  1.030031853164054656e+00  -5.426880828606153173e-01
5.193963226911202380e-01  9.150318614717471988e-01  -2.899520216175519582e-01
5.432244582263848764e-01  7.886596736731883439e-01  2.979249278551237765e-02
6.083586499637861911e-01  6.411211057440464600e-01  4.285350486977603235e-01
8.634977130792065303e-01  5.095688142403332899e-01  9.005384136354931401e-01
1.258058360153688993e+00  3.876082859084500343e-01  1.345377800300098681e+00
1.316864174213750571e+00  2.857458684458810128e-01  1.664005399493841075e+00
9.327398848448411606e-01  2.102853656985737840e-01  1.784061501840475295e+00
3.591134843862405779e-01  2.654104218290683215e-01  1.765578247757053632e+00
-3.589966693568203554e-02  3.128285050441210746e-01  1.670436867028109784e+00
-3.110355393130839752e-01  4.129946095570525277e-01  1.568093560655486884e+00
-5.269543692969200777e-01  3.726929158412840559e-01  1.461429098888005429e+00
-7.200522995803283477e-01  4.058841025986260065e-01  1.365102952005014192e+00
-8.104924050121439238e-01  1.676239009034846683e-01  1.294376296120501646e+00
-9.028844484760906175e-01  -1.904779825188458731e-01  1.245474822098969980e+00
-8.185170798493058841e-01  -6.922001403952930954e-01  1.196737422130049522e+00
-8.314432937062982143e-01  -1.021919528816918277e+00  1.115771030454320023e+00
-8.900363344985704472e-01  -1.191065059334268206e+00  9.831397402385280149e-01
-1.141250714737538363e+00  -1.235180159062121197e+00  7.871820626587821002e-01
-1.380944612481403544e+00  -1.247306176120601906e+00  5.273665457787563016e-01
-1.524760956051889771e+00  -1.268924842712344736e+00  2.744948150940654807e-01
-1.483957508885003218e+00  -1.339268234100513322e+00  6.458231834753995482e-02
-1.345091495874616294e+00  -1.395817311714735220e+00  -8.722716288153117836e-02
-9.567480424029860542e-01  -1.444089814648615411e+00  -2.171058224928451297e-01
-2.534968618553147812e-01  -1.473053323178316054e+00  -3.144295036747933869e-01
2.828377681481379913e-01  -1.490431428289180849e+00  -3.598927191086525590e-01
3.758706706784769591e-01  -1.500858291366345743e+00  -3.807051517032297161e-01
-7.668266109496184313e-02  -1.507114429616748685e+00  -4.707785556633992119e-01
-4.753079316212192595e-01  -1.510868105784929583e+00  -6.153395310671765372e-01
-7.271924199670900535e-01  -1.470091162787646066e+00  -7.731965667392289854e-01
-8.656137876389899954e-01  -1.402595814323831291e+00  -8.679107860959492937e-01
-8.469919902066793682e-01  -1.333412526516334573e+00  -9.312048163984757432e-01
-7.468536232947186049e-01  -1.277559504279276892e+00  -9.691812332366699367e-01
-5.850959886503788177e-01  -1.186675513090169831e+00  -9.855015873691359563e-01
-5.261693887454287344e-01  -8.309410335123164071e-01  -9.888283024941735277e-01
-4.526854472234483340e-01  -3.880115168190828578e-01  -9.843588376244984950e-01
-4.467230631796280660e-01  3.551975733724171969e-02  -9.558151781247236078e-01
-3.414710196431010591e-01  2.035802068463413439e-01  -9.128270005072848248e-01
-2.401918133380347709e-01  2.613873224214857127e-01  -8.741031026222717548e-01
-6.504034740554576199e-02  2.960715924644936048e-01  -8.637997565608649397e-01
4.005053413458916495e-02  3.455682549558344308e-01  -8.640832462630472222e-01
3.191636202658598709e-01  3.896093040408115105e-01  -8.642533380518844233e-01
7.408180083722798459e-01  5.020922410344575981e-01  -8.708208877513131663e-01
1.120903911433301481e+00  6.126111546210243342e-01  -8.230374530646449305e-01
1.107478239117804186e+00  6.789225054962991779e-01  -7.232469472220025564e-01
1.099422844817313782e+00  6.326510071285809111e-01  -6.051831852293270142e-01
1.208973531981330174e+00  5.762020083155439121e-01  -5.537414173216997915e-01
1.300122606830311334e+00  6.427339613813677355e-01  -5.681348217336553708e-01
9.608229127297861494e-01  7.400253389080299060e-01  -5.961673509866528553e-01
3.886726337796975739e-01  8.557723684196167913e-01  -6.259178585171634168e-01
-6.900148253019638966e-02  9.969358277725873796e-01  -6.373026663583470919e-01
-3.563152804635888460e-01  1.139006130177285137e+00  -6.053405785328536126e-01
-4.651569248825265790e-01  1.238591346890367539e+00  -4.827154028782606465e-01
-4.033686421527186150e-01  1.197941129346910438e+00  -2.798303933203505900e-01
-3.281676944093471771e-01  1.116178776790530236e+00  1.000348739530253217e-02
-2.067911633232987212e-01  1.024092229490333850e+00  4.295926369712160242e-01
5.837352107304880772e-03  9.544972556371401629e-01  9.722934251422047369e-01
2.986357101991145568e-01  8.840541626787782326e-01  1.498344244319102403e+00
3.218028019026549780e-01  8.561313558035656968e-01  1.833371225784583558e+00
3.067921106154527719e-02  8.680637741981949151e-01  1.930939489000379927e+00
-3.600534978045649703e-01  1.004310684159720024e+00  1.866636021217174646e+00
-5.563651439915445751e-01  1.057372711998457282e+00  1.737536998146244516e+00
-6.741521335705558116e-01  1.232640450772205964e+00  1.621284620515610175e+00
-7.956616335180289878e-01  1.151341429411213646e+00  1.532136738975490298e+00
-9.575326073195556953e-01  9.734745787119650773e-01  1.465717001903088734e+00
-1.054655190918661445e+00  3.934337751389048177e-01  1.432330640167957414e+00
-1.138347400800719722e+00  -1.697364639440215872e-01  1.418764323838322960e+00
-1.099597452918447793e+00  -6.797552095682306561e-01  1.404159040089145716e+00
-1.063638157438415721e+00  -9.857664739359498496e-01  1.298413460366533378e+00
-1.080190545678738401e+00  -1.112001027541563047e+00  1.105656186128378904e+00
-1.255343216983115351e+00  -1.130369555344958199e+00  8.542264422446868011e-01
-1.500237420765782925e+00  -1.141390658429612959e+00  5.740586675110742609e-01
-1.685301919713911412e+00  -1.219718568074948495e+00  3.283720676910021896e-01
-1.694666010853234761e+00  -1.324087518871224445e+00  1.421671369527437723e-01
-1.598609836341569279e+00  -1.401051932123211552e+00  1.751318807413639739e-02
-1.210533658412986657e+00  -1.447230593661109843e+00  -9.607215312419217779e-02
-6.218268032822159563e-01  -1.474937790599573528e+00  -2.094818253298176836e-01
-2.050560642742818573e-01  -1.491562101958230135e+00  -2.775276288664035862e-01
-1.837614942550324648e-01  -1.501536709171084505e+00  -3.054241196839092565e-01
-5.268459026978917770e-01  -1.493178437541620607e+00  -3.932824599012079148e-01
-7.708245286238963878e-01  -1.459477389047484364e+00  -5.494453896563893380e-01
-9.299210148473685544e-01  -1.367541464574686394e+00  -7.401255771858425980e-01
-1.050797563534900947e+00  -1.269350761200807698e+00  -8.739301769795024821e-01
-1.059776862614790982e+00  -1.181750212892999086e+00  -9.671439348858280605e-01
-9.380711873631866204e-01  -1.100503808571292153e+00  -1.029537664745618919e+00
-6.998265312779182734e-01  -8.079240915819295710e-01  -1.066973895941178307e+00
-5.568797334177074676e-01  -2.738000095105894705e-01  -1.082970123875941493e+00
-4.711116561086665100e-01  3.335354655276279168e-01  -1.086102407066552811e+00
-4.704881180116017858e-01  7.553089535461561255e-01  -1.081516276273867039e+00
-4.828233191200395069e-01  9.223147408469126729e-01  -1.059368129372019185e+00
-4.393871342421869497e-01  9.364599097729411348e-01  -1.039613713600109346e+00
-2.481041737922814183e-01  9.019178583712067487e-01  -1.021295576894870605e+00
3.188684923949790251e-02  8.955356777740582919e-01  -1.023235689527813186e+00
4.286493504255016740e-01  9.347355194468494055e-01  -1.030865251063743937e+00
1.098823962653562747e+00  9.869415099824232485e-01  -1.048373989396153894e+00
1.742405937824378137e+00  1.046951231963746176e+00  -1.065344699422334118e+00
1.988752544274142275e+00  1.097300094973185924e+00  -1.081992646332150532e+00
1.933211273540514918e+00  1.141852497689905821e+00  -1.091981407734398557e+00
2.128654393582555482e+00  1.168583918925705456e+00  -1.097974671314127626e+00
2.322176207814917515e+00  1.285024138963990259e+00  -1.095105108572227204e+00
2.044300172012308625e+00  1.383574356495423263e+00  -1.061055901111396915e+00
1.229398884654464785e+00  1.485733649293295988e+00  -1.008298908819791118e+00
4.481435926215369125e-01  1.561372288137362618e+00  -9.119897717838781892e-01
-7.144688882964632393e-02  1.678470705642323146e+00  -7.895493317472421779e-01
-3.450731982257475572e-01  1.734386699768288187e+00  -5.997061507865951713e-01
-4.075743658522446022e-01  1.710564084418089825e+00  -3.564903380203904293e-01
-4.196564164660819829e-01  1.610212217848680627e+00  -2.306148837806343277e-02
-3.379403569427227860e-01  1.506971935646596927e+00  4.356156318221387491e-01
-9.827081822024472113e-02  1.401998617660259017e+00  1.001769190210180627e+00
2.615894607651985670e-01  1.339014647256752122e+00  1.548357177873574742e+00
3.249937056915176425e-01  1.344253413691194776e+00  1.915102926175230813e+00
4.530308077461191185e-02  1.519513302233618690e+00  2.051098949590103082e+00
-3.766978315050487636e-01  1.796785809677856838e+00  2.035714120540255134e+00
-6.426077059473427333e-01  1.948806278160029493e+00  1.942431808273442195e+00
-8.275722852730778012e-01  1.738814477743150455e+00  1.834738442297775052e+00
-9.766790081555194458e-01  1.469388922295961963e+00  1.737794973054455960e+00
-1.091561702341877771e+00  9.921864580205789208e-01  1.673163390828444230e+00
-1.122363332376568046e+00  4.907192157170628954e-01  1.627918934052409394e+00
-1.153553648980065516e+00  -1.830804589347572175e-01  1.574910257216754594e+00
-1.057883887219583485e+00  -6.447324612961602419e-01  1.543105064580949204e+00
-1.013191363181755067e+00  -9.360667007027174691e-01  1.459367016091927649e+00
-1.011794507113574104e+00  -1.053495059703579484e+00  1.305676270094655145e+00
-1.214305630889229715e+00  -1.095265963089914418e+00  1.045358925585401888e+00
-1.450196253384643752e+00  -1.105985460319770519e+00  7.598586092753173427e-01
-1.642567910745876159e+00  -1.184132406435143059e+00  4.657140099621380203e-01
-1.656316282944132023e+00  -1.259706680009770263e+00  2.439687875625446978e-01
-1.376592573837047251e+00  -1.302062066680188535e+00  4.456060725426751190e-02
-1.085059419726572383e+00  -1.304859439852143144e+00  -6.657484740137309398e-02
-6.836380619276503090e-01  -1.283922045681924473e+00  -1.759676675792248568e-01
-6.611707538365475811e-02  -1.266076018179827178e+00  -2.308848538559424568e-01
5.429521879644186866e-01  -1.264473513999049725e+00  -2.764308501172965671e-01
7.209563604516545654e-01  -1.272617144225585584e+00  -2.911627654263631015e-01
2.995262304323987879e-01  -1.277503295143841644e+00  -3.692781793332476359e-01
-1.748487582114264249e-01  -1.271329873370761199e+00  -4.980193830007149103e-01
-4.424339864021958890e-01  -1.249415548052865921e+00  -6.571360564290831263e-01
-6.029851212148817918e-01  -1.199846462769220468e+00  -7.589039054542244811e-01
-6.141169904501817545e-01  -1.133684535102208679e+00  -8.199646134915080653e-01
-5.355973010200750783e-01  -1.057566871396780073e+00  -8.566010383417769214e-01
-3.521673912494346914e-01  -9.663706476382813992e-01  -8.785828932514969658e-01
-2.932287305299728364e-01  -7.841811375238307846e-01  -8.980698464189584840e-01
-3.601041093725442233e-01  -4.836597996480587192e-01  -9.160598619082402916e-01
-4.343088610528876847e-01  -1.576649870811497045e-01  -9.205560296193640024e-01
-4.277124255082987436e-01  8.345752736997112675e-02  -8.980623612870117789e-01
-3.555955146758784102e-01  2.008156586285205492e-01  -8.593747919665966073e-01
-2.441663180351626716e-01  2.439151604551177688e-01  -8.298644047597689699e-01
2.716834681346370906e-02  2.697748642647638806e-01  -8.247538596012249368e-01
3.944462941105295606e-01  2.670804347012269986e-01  -8.468789014912985191e-01
8.022504396220718759e-01  2.745689022431957449e-01  -8.727496111396280121e-01
1.387728182784096820e+00  2.790619834245370301e-01  -8.819741946920671705e-01
1.943491990353349630e+00  2.908629594049508826e-01  -8.497218893193398959e-01
2.072473130005496600e+00  2.888384176965094197e-01  -8.051791377609871514e-01
1.979464177918328849e+00  3.058339438731996207e-01  -7.721556405268180656e-01
2.094056428571513973e+00  3.524517605522070052e-01  -7.901285990609726584e-01
2.503607036749278425e+00  3.622122021200839814e-01  -8.072102164138755809e-01
2.408542164825764331e+00  3.680684636325240455e-01  -8.111613452636746713e-01
1.840310354962575223e+00  4.080027249302101700e-01  -7.631492805253217160e-01
1.652729126000229476e+00  5.048042843265344581e-01  -6.839593010119814354e-01
1.727617754536463712e+00  5.173595944349294040e-01  -5.545733620313766377e-01
1.755511180642552960e+00  4.520517737936636804e-01  -3.761763172743636807e-01
1.244014602073165277e+00  3.764465817874133036e-01  -1.116920267629453040e-01
8.007985678944093966e-01  3.401885918480290760e-01  2.989122489533873051e-01
7.052665637145199007e-01  3.093286705789000668e-01  8.160820472414761495e-01
7.842654601063169251e-01  2.726024659860319943e-01  1.321617056118898681e+00
6.783069375275855295e-01  2.869872441924415374e-01  1.643831593594637042e+00
3.080161024055504404e-01  3.320386168725209530e-01  1.780479706218944358e+00
-1.697548335944543685e-01  4.683309461113149275e-01  1.768000923235147459e+00
-4.734571567120547941e-01  6.866832304794667774e-01  1.697535237662732843e+00
-6.556785477556401620e-01  8.632202286921375478e-01  1.598575256177717341e+00
-7.650113831237330686e-01  8.143552936998871283e-01  1.520305737165565274e+00
-8.306110829332585821e-01  4.936723106271507788e-01  1.435556958793636539e+00
-8.188516204579370239e-01  1.900362445179153495e-02  1.353218504111114440e+00
-7.947561779460735609e-01  -4.114795952143466273e-01  1.297517599136227107e+00
-8.995772331221172369e-01  -7.517156569716134662e-01  1.264097042697801321e+00
-1.132867507007877972e+00  -9.467521835901975269e-01  1.181066279614186421e+00
-1.409159763989701775e+00  -1.054668967542486735e+00  1.024184486703567210e+00
-1.591974909705961894e+00  -1.092103672349103549e+00  7.978007304702509073e-01
-1.735743506133127667e+00  -1.114564456510832802e+00  5.423114578262835384e-01
-1.839044422001577583e+00  -1.146251185631808944e+00  2.756567323991852003e-01
-1.815826160585374272e+00  -1.192578594095919042e+00  8.417468346855433436e-02
-1.682616869792887382e+00  -1.229480199068818447e+00  -4.331023119724777826e-02
-1.313015339457453079e+00  -1.269831393505551631e+00  -1.386947080750251804e-01
-6.823001125762294672e-01  -1.294042103374685837e+00  -2.589038196638644429e-01
-1.675528719112955589e-01  -1.317673662016208169e+00  -3.751141842406769400e-01
-4.614192237016969539e-02  -1.322747471283721721e+00  -3.881598187031858882e-01
-3.822496473312544940e-01  -1.325791770444153750e+00  -4.463699394145078103e-01
-7.202323798754455275e-01  -1.309408064088211754e+00  -5.253809116158666415e-01
-9.059822576369170877e-01  -1.263157356964229150e+00  -6.924465037541096546e-01
-1.000392421395847276e+00  -1.189881303047283456e+00  -7.989837012629774637e-01
-9.207204234947714561e-01  -1.109495167033475838e+00  -8.629060191164141802e-01
-7.877184116917370638e-01  -1.052158369690548323e+00  -9.075572513695321364e-01
-6.227183922819059525e-01  -9.995460285749266927e-01  -9.406458329865106105e-01
-5.918774294131720071e-01  -7.585607507504433800e-01  -9.667968248583586055e-01
-6.244921396574140138e-01  -4.318670649048958476e-01  -9.824874206695309864e-01
-6.270212064108204864e-01  -8.106371715798484090e-02  -9.919017781629443364e-01
-5.433398313002555380e-01  9.299778847665456094e-02  -9.723590230030286774e-01
-4.590514811794868533e-01  1.792244406866944917e-01  -9.480376840640064584e-01
-3.232796587082564232e-01  2.218553064782921858e-01  -9.208491954955667635e-01
-1.054984691120514073e-01  2.292235734469850739e-01  -9.234296277737500391e-01
9.332929553632558772e-02  2.336445342861609431e-01  -9.438714145616485807e-01
3.830235748265622409e-01  2.727176131552127569e-01  -9.687321718270057724e-01
8.635558758369826782e-01  3.690024664997909598e-01  -9.836486275080634778e-01
1.339312638435462555e+00  4.540887535883957882e-01  -9.863006600239839772e-01
1.437329311882857841e+00  4.960354005894622720e-01  -9.815940366002008366e-01
1.427980239952516106e+00  4.938880110109644117e-01  -9.724722189677552642e-01
1.831325086597223484e+00  5.290200816436532172e-01  -9.732969713003590817e-01
2.277809156975125315e+00  6.047300761469596164e-01  -9.674939797728314694e-01
2.136745310081351601e+00  6.137355718648674907e-01  -9.514165023689346024e-01
1.387556282765719295e+00  6.282439931744566719e-01  -8.976851154585262504e-01
6.142873696838758724e-01  6.733695490109026238e-01  -8.087657024174171871e-01
1.673657926153533648e-01  8.006012642750092168e-01  -6.546485725302050307e-01
3.553094083932514108e-02  8.678351688752158344e-01  -4.614128145795544644e-01
2.458907897994746725e-02  8.535447567557622461e-01  -2.069188239309939781e-01
1.032227718633259433e-01  7.721295041310664020e-01  1.787977459700065552e-01
3.037608503988852293e-01  6.959649768190274699e-01  7.314176682245618899e-01
5.774415571481467113e-01  6.047406314950014572e-01  1.321201146060866360e+00
5.542125971376190563e-01  5.500060249696082648e-01  1.731751831003223829e+00
1.824402116089622328e-01  5.080601358276446433e-01  1.883614573187319507e+00
-2.621401288833513088e-01  4.828926030033288130e-01  1.855073225879086962e+00
-4.607292837003304498e-01  4.860023344871096107e-01  1.762374310482871742e+00
-5.458032536088706088e-01  5.060784238531756962e-01  1.668967907783081905e+00
-6.138873956700947598e-01  4.179676977477728150e-01  1.587732703887277497e+00
-6.376981193930401082e-01  2.831551301480593197e-01  1.507502340011640518e+00
-5.497459769845031152e-01  -4.357080221993999553e-02  1.440470631941672019e+00
-4.969746950402936236e-01  -3.670781225538720660e-01  1.381358063520034207e+00
-6.527493099975050228e-01  -7.341799012081104969e-01  1.326997012547040944e+00
-9.847707489735529895e-01  -9.635460841316814129e-01  1.262891140428751502e+00
-1.337341473456565843e+00  -1.073850420848435627e+00  1.142555678026714761e+00
-1.582963420662910403e+00  -1.112717643077629992e+00  9.695889124855303631e-01
-1.764416114741702346e+00  -1.136037978444607299e+00  7.209584841354742535e-01
-1.873287724217024275e+00  -1.177345543843018483e+00  4.710147430489701748e-01
-1.785252853929414796e+00  -1.238550600351021602e+00  2.832614415473310165e-01
-1.596113818857118227e+00  -1.284378753413632612e+00  1.328224051193481470e-01
-1.141835164445160755e+00  -1.311875658854998017e+00  4.771931357746259789e-03
-4.091943793531890305e-01  -1.319268655802117829e+00  -1.350367794198936711e-01
1.496684109830414278e-01  -1.323704487919402650e+00  -2.693047452337909986e-01
2.293896579051797335e-01  -1.335471092710284413e+00  -3.057806299101208936e-01
-2.680499840727232352e-01  -1.342531082781869944e+00  -4.032402677155004223e-01
-7.028318675065937660e-01  -1.337661923746487291e+00  -5.120987917630760444e-01
-9.296214725106612953e-01  -1.298319945007470055e+00  -6.970729143089369195e-01
-1.031615699950640730e+00  -1.238294226882130422e+00  -8.206530750211850078e-01
-9.394543829568708926e-01  -1.165858319473525029e+00  -8.948011714483860013e-01
-8.159985439737524882e-01  -1.085976257775426390e+00  -9.455878715556145231e-01
-5.885671927403146597e-01  -9.925214020148409588e-01  -9.697620486896734171e-01
-5.373071852886690536e-01  -7.179254555054899178e-01  -9.779687133832669632e-01
-5.406307051967912392e-01  -3.892756370615057526e-01  -9.765948665817862917e-01
-5.596645807160249841e-01  -3.729860919352682297e-02  -9.757705585353755318e-01
-4.858860950869809958e-01  1.647824822753151397e-01  -9.689781314687551106e-01
-4.245792408112105121e-01  2.769260123886297942e-01  -9.586048343087030243e-01
-3.366758409913818695e-01  3.351070036834385979e-01  -9.334873272214764262e-01
-1.305759406497576658e-01  3.518053452728166497e-01  -9.058211391257926515e-01
1.123623362841549844e-01  3.800346007248401881e-01  -8.892214249549673655e-01
4.455626886455025804e-01  4.242875317691650605e-01  -8.981551245537847672e-01
9.181191063071487690e-01  4.872597947533480189e-01  -9.035153450092457961e-01
1.355010793568333094e+00  5.432534044042390819e-01  -8.437530534184358721e-01
1.378589145744649969e+00  5.677444429067572962e-01  -7.260237265303011167e-01
1.154179473770573505e+00  5.551236902909156834e-01  -6.175990714891993472e-01
1.241050600029410589e+00  5.566563646154122358e-01  -5.777356481564267510e-01
1.412451592282065960e+00  5.939964722262326413e-01  -5.853068060785219240e-01
1.242655999542668255e+00  5.799800337881797496e-01  -5.961473457866353076e-01
6.295857770981503343e-01  5.897804198519434049e-01  -6.089495111533557159e-01
5.726650410341806163e-02  6.593965316051024761e-01  -6.103329701475238567e-01
-2.179660185998826827e-01  7.831123278919179809e-01  -5.670781444052582776e-01
-2.808669559300592811e-01  8.482366804303334007e-01  -4.592532970512018253e-01
-2.674882308714494616e-01  8.144702879641111393e-01  -2.623036939917007260e-01
-1.742621846538398578e-01  7.577899481007243088e-01  1.014819260627631142e-01
1.713494009228669901e-01  7.055714957374870089e-01  6.094540590639851985e-01
5.831934978766825095e-01  6.651352977187394711e-01  1.159853200045479094e+00
6.428625738246828147e-01  6.681889559763409814e-01  1.521581879988584296e+00
2.526699591435382919e-01  7.064416532930868353e-01  1.669342838010262620e+00
-2.200022810480053714e-01  7.567086460517037372e-01  1.669829607876656574e+00
-4.524863378903800082e-01  7.686585932516893926e-01  1.626036777432060099e+00
-5.749370077313848970e-01  6.847773023136879411e-01  1.574569689980943155e+00
-6.143278845421723533e-01  4.432408925141917977e-01  1.499604538404589071e+00
-6.209226505500285986e-01  2.163729152573172221e-01  1.423136266475889977e+00
-6.759987974112671161e-01  -1.200606343181173236e-01  1.352063927592033199e+00
-6.238456745644189727e-01  -4.129720188796487390e-01  1.296824853224053165e+00
-6.266333266377377420e-01  -7.526111120599958682e-01  1.238490012678266972e+00
-6.283059178695349356e-01  -9.472894328468109970e-01  1.184595571539163394e+00
-8.849059166838286750e-01  -1.064096432782357660e+00  1.076684796468753813e+00
-1.175183996049803392e+00  -1.115970364588525943e+00  9.111728561459189191e-01
-1.434549663011659204e+00  -1.147094730454796041e+00  6.733131678352121119e-01
-1.641288344166727198e+00  -1.174874482705674961e+00  4.235340258529063928e-01
-1.799411075817407557e+00  -1.227962858146886660e+00  2.421773273852288744e-01
-1.740926843918568778e+00  -1.268921002559683986e+00  8.298056761669853065e-02
-1.552478447842681408e+00  -1.302601015120403716e+00  -1.253748675320198736e-02
-1.030455134374357984e+00  -1.313703883147129492e+00  -1.076353735572987136e-01
-3.082868508935425744e-01  -1.329470750253545219e+00  -1.898854759686728066e-01
1.931731742423806186e-01  -1.338930843365500500e+00  -2.140441678978532158e-01
1.873334691893230319e-01  -1.353712045511673789e+00  -3.167091806034564860e-01
-2.421644128408736163e-01  -1.353475620501360721e+00  -4.349887698305912598e-01
-5.509824279439700101e-01  -1.344228639547532689e+00  -6.382112159737584056e-01
-7.192334734193298607e-01  -1.293154821389285836e+00  -7.727403701704633754e-01
-8.031443385158514303e-01  -1.216984914446663346e+00  -8.534578640248912107e-01
-7.342125194093400697e-01  -1.134862480186963785e+00  -9.081862019136283104e-01
-5.565353325260414818e-01  -1.067378757566594727e+00  -9.410232033030877519e-01
-3.647302101301796995e-01  -9.904680182829649349e-01  -9.670232470567606820e-01
-3.348459497521854566e-01  -6.620626822832257341e-01  -9.826232740014277933e-01
-3.169153921276269270e-01  -2.009708376585407352e-01  -9.919832901705641914e-01
-2.891172925547775829e-01  3.033124111097678655e-01  -9.850036133704167529e-01
-2.553986706344525959e-01  5.967772341089579990e-01  -9.619222805123692766e-01
-2.010879724074373931e-01  7.364356241735965369e-01  -9.417756385576138145e-01
-1.514369375493659388e-02  8.020204056831443662e-01  -9.296876547137652436e-01
1.816216858117825628e-01  8.231610227571907190e-01  -9.350305489042363138e-01
5.211978206576833861e-01  8.631607707502035876e-01  -9.445341256344471637e-01
1.150937574518828610e+00  9.144759959579057407e-01  -9.502362730246125544e-01
1.613980239876406708e+00  9.816856225455732332e-01  -9.473597198991398072e-01
1.704368441730287564e+00  1.040221669366485191e+00  -9.456337887165378042e-01
1.162209670767867964e+00  1.075343289986151030e+00  -9.508960695547623576e-01
1.092510841771593633e+00  1.087311146626786851e+00  -9.666491245833443990e-01
1.544844673063627827e+00  1.094491847032126763e+00  -9.635052737665261713e-01
2.020722113251153029e+00  1.016854144160577178e+00  -9.427254372041237174e-01
1.863214753377065547e+00  9.793766503762308950e-01  -8.987683206487351306e-01
1.121199363680614569e+00  1.057046532484833712e+00  -8.409048354072061748e-01
4.203936963120668002e-01  1.240225354005244363e+00  -7.432083184362721084e-01
8.510911099644741240e-02  1.404763400428068465e+00  -5.838249295671663619e-01
5.433597903109679828e-02  1.448855459152139424e+00  -3.559402039665853779e-01
8.699138851914586801e-02  1.493520959822554728e+00  -2.397625124554168125e-02
2.599424957899129640e-01  1.511215113935419962e+00  4.523071968375148022e-01
6.704288774145410468e-01  1.512726507631837913e+00  1.065565091908987183e+00
1.001919520839074540e+00  1.495423064805767588e+00  1.635050787442997589e+00
9.281777100128237867e-01  1.503251257746833325e+00  2.014529248187979071e+00
3.556999983765160023e-01  1.580789180922095527e+00  2.135152996304538142e+00
-1.411444953396542024e-01  1.636417060749398189e+00  2.100463937046048279e+00
-4.051716664970466675e-01  1.751739928766083532e+00  1.997778548879933336e+00
-5.635879712905419447e-01  1.711672124895099678e+00  1.879486739096891901e+00
-6.586377506679752525e-01  1.460003311474614485e+00  1.764426733911983902e+00
-6.815880938756732066e-01  9.447970027363162826e-01  1.663901536400202774e+00
-7.123980612927985900e-01  3.169938230452972183e-01  1.572097169626038182e+00
-6.456852321809689599e-01  -2.144752234268626490e-01  1.472929663907220244e+00
-6.567768220056520168e-01  -6.517232842384739211e-01  1.375642093511990849e+00
-7.145510610795638984e-01  -9.140721091669885556e-01  1.222801941107963142e+00
-9.707325165034473846e-01  -1.035060919461817219e+00  1.030332363580835464e+00
-1.260759478233726361e+00  -1.089443933393243746e+00  7.574045561034350449e-01
-1.468855172656873265e+00  -1.131178878559067291e+00  4.991802244354202056e-01
-1.627792119995024267e+00  -1.192640342578541679e+00  2.875650485661898070e-01
-1.586836210402806424e+00  -1.238622374086574718e+00  1.228088865113321909e-01
-1.442984344699198340e+00  -1.275316712120901252e+00  1.765734743325270834e-02
-9.136393880094916264e-01  -1.306438427271275460e+00  -7.062494670983013312e-02
-1.359588208356159178e-01  -1.334216582287473418e+00  -1.172964819284452731e-01
4.328880989138172986e-01  -1.350883475297042891e+00  -1.704907711519244307e-01
4.674805215018367210e-01  -1.360883604306278194e+00  -1.961095034198416520e-01
1.112262908702619374e-02  -1.366883674927324765e+00  -3.059483792225661247e-01
-3.308511544248267100e-01  -1.361378611747975587e+00  -4.537236613414338815e-01
-5.530751867105684338e-01  -1.312549964602613972e+00  -6.494521535702210135e-01
-6.523300820094822816e-01  -1.228622007166984220e+00  -7.731870891400987045e-01
-6.266842068379936403e-01  -1.132739582720901250e+00  -8.600237343071817087e-01
-5.090581078943721138e-01  -1.047894746888518691e+00  -9.184235649969885174e-01
-3.703233976586180476e-01  -9.332519822534947052e-01  -9.597613090185729279e-01
-3.552416202853213578e-01  -5.184715600777279887e-01  -9.782661131653535014e-01
-2.609937442887244052e-01  5.818122241110899179e-02  -9.578797817215919386e-01
-1.533257324715451564e-01  6.409061584470522321e-01  -9.330522970167141050e-01
-5.464540079293007252e-02  9.632257293865066350e-01  -8.929644338495524858e-01
3.864232526289525932e-02  1.156617479425747330e+00  -8.752095609014494126e-01
2.479728188754017904e-01  1.318178150906300194e+00  -8.645566344468756936e-01
4.587699293132028733e-01  1.433324813097482719e+00  -8.770584079899302887e-01
8.067651048991700824e-01  1.502412810435526769e+00  -8.971551545868327038e-01
1.151880326644076247e+00  1.562075853892223254e+00  -9.092132045668550600e-01
1.461188030732483822e+00  1.597873700353865889e+00  -8.975545057975913288e-01
1.357096685449332485e+00  1.601142156392535210e+00  -8.527722330393414651e-01
9.368068555083239879e-01  1.566682726320518748e+00  -8.070093426419234772e-01
8.209510704237303891e-01  1.573322439269386530e+00  -7.795516077189882376e-01
1.211511184142336273e+00  1.622831883027822997e+00  -7.882683357535562596e-01
1.582165330334482922e+00  1.534170939444426951e+00  -7.934983739058271146e-01
1.463762567262999914e+00  1.444553862818041656e+00  -8.029342410968370869e-01
8.985678086471775572e-01  1.390783603251109612e+00  -7.897022319765617526e-01
5.764907331363314791e-01  1.531518846877143458e+00  -7.250824429054614217e-01
1.218192834517258571e+00  1.588644594883952044e+00  -5.855450887510783575e-01
2.063287659158561382e+00  1.540973944361236692e+00  -3.695679863282448907e-01
2.485145742272804714e+00  1.430425386749162087e+00  -5.734429022650740226e-02
2.175948443307048397e+00  1.382306524391888614e+00  4.196906911115392824e-01
1.956350561887548745e+00  1.380750577983918870e+00  1.033399484952808534e+00
1.926830415970742338e+00  1.407132408284374803e+00  1.615751403794054575e+00
1.704641162576277402e+00  1.441171765121667336e+00  1.971460396660475123e+00
1.128293787250834734e+00  1.516226121171729613e+00  2.065226786287257088e+00
6.291274953636262213e-01  1.561258714399812453e+00  1.982934104052401780e+00
3.125879629171397500e-01  1.570068018515136110e+00  1.839090830669862564e+00
1.056244802220639434e-01  1.466092089865950410e+00  1.683508605253225321e+00
-3.559337292154133442e-02  1.258024541691036058e+00  1.558670055401147891e+00
-8.624455731122813995e-02  1.133184012092145698e+00  1.458575556497387904e+00
-1.677545543628365110e-01  7.578105524416764993e-01  1.341838293747565025e+00
-1.144219791553092724e-01  3.140634578601412263e-01  1.240306707993412472e+00
-1.165019590368958080e-01  -3.163898297452863440e-01  1.160494253351622262e+00
-1.007101853450973888e-01  -6.946617982136855662e-01  1.081117542404065102e+00
-2.957122691878273368e-01  -9.034147274376925774e-01  9.201303506648774722e-01
-5.149520916659204861e-01  -1.028666487699738452e+00  6.912833362719146280e-01
-6.635357479691620375e-01  -1.122027793001063589e+00  4.532096549826025722e-01
-7.867654640218841866e-01  -1.214465086671905336e+00  2.536848632815130733e-01
-7.243851975303694513e-01  -1.279032598322694225e+00  9.618293368862954051e-02
-4.765588848682616452e-01  -8.729879802157484159e-01  1.629734745931443740e-02
