-6.611707536418467979e-02  -1.266076018197727526e+00  -2.308848538660391303e-01
5.429521879686526331e-01  -1.264473513997391496e+00  -2.764308501412301999e-01
7.209563604288466987e-01  -1.272617144226801056e+00  -2.911627654213436722e-01
2.995262304036569456e-01  -1.277503295160657526e+00  -3.692781793510651056e-01
-1.748487582271052720e-01  -1.271329873399592580e+00  -4.980193829887276102e-01
-4.424339863922922556e-01  -1.249415548100005546e+00  -6.571360564488719636e-01
-6.029851212260842752e-01  -1.199846462807894865e+00  -7.589039054430818387e-01
-6.141169904518311018e-01  -1.133684535126031623e+00  -8.199646135140669090e-01
-5.355973010465633344e-01  -1.057566871426123711e+00  -8.566010383540779705e-01
-3.521673912300016807e-01  -9.663706476526264799e-01  -8.785828932725460172e-01
-2.932287305406559574e-01  -7.841811375437869325e-01  -8.980698464353701338e-01
-3.601041093481104349e-01  -4.836597996360919027e-01  -9.160598619377267049e-01
-4.343088610556287699e-01  -1.576649870821919264e-01  -9.205560296442870660e-01
-4.277124254643038248e-01  8.345752734059004585e-02  -8.980623612812262957e-01
-3.555955146791297539e-01  2.008156585722535303e-01  -8.593747919245594558e-01
-2.441663180182496728e-01  2.439151604303957388e-01  -8.298644047033698623e-01
2.716834682955532321e-02  2.697748642595965141e-01  -8.247538595463725919e-01
3.944462941539574330e-01  2.670804347173718618e-01  -8.468789014601680876e-01
8.022504396736540588e-01  2.745689022253900990e-01  -8.727496111347817775e-01
1.387728182811716504e+00  2.790619834358695206e-01  -8.819741946898742579e-01
1.943491990380088907e+00  2.908629594280938702e-01  -8.497218893001714513e-01
2.072473130013758880e+00  2.888384177298209399e-01  -8.051791377152526241e-01
1.979464177920357670e+00  3.058339438736542015e-01  -7.721556404796212636e-01
2.094056428570044925e+00  3.524517605505944617e-01  -7.901285989906691176e-01
2.503607036759639914e+00  3.622122021032131989e-01  -8.072102163737163716e-01
2.408542164829074572e+00  3.680684636420869515e-01  -8.111613452432219207e-01
1.840310354962111816e+00  4.080027249293745051e-01  -7.631492805299480153e-01
1.652729125954543132e+00  5.048042843540507807e-01  -6.839593010134864537e-01
1.727617754512259074e+00  5.173595944584393758e-01  -5.545733620127906160e-01
1.755511180603994470e+00  4.520517738124503748e-01  -3.761763172519250742e-01
1.244014602053872487e+00  3.764465818174816403e-01  -1.116920267482903323e-01
8.007985678402068652e-01  3.401885918595438096e-01  2.989122489586539810e-01
7.052665636512777114e-01  3.093286705986154073e-01  8.160820472490766253e-01
7.842654600568266243e-01  2.726024659866749245e-01  1.321617056151396685e+00
6.783069374887327196e-01  2.869872442092173959e-01  1.643831593616978504e+00
3.080161024075147580e-01  3.320386168796008453e-01  1.780479706236752335e+00
-1.697548336043344930e-01  4.683309461369719040e-01  1.768000923224117837e+00
-4.734571567012365589e-01  6.866832304940242437e-01  1.697535237664449026e+00
-6.556785477673380269e-01  8.632202287059758117e-01  1.598575256187769300e+00
-7.650113830999585307e-01  8.143552937142567449e-01  1.520305737191834261e+00
-8.306110829317334687e-01  4.936723106248715465e-01  1.435556958816161854e+00
-8.188516204331603987e-01  1.900362444192403230e-02  1.353218504102301045e+00
-7.947561779430760698e-01  -4.114795952612665952e-01  1.297517599129942134e+00
-8.995772331256074450e-01  -7.517156570073749711e-01  1.264097042687515104e+00
-1.132867507005574037e+00  -9.467521836165044835e-01  1.181066279619113146e+00
-1.409159763992425152e+00  -1.054668967524060363e+00  1.024184486689631246e+00
-1.591974909693877782e+00  -1.092103672326005803e+00  7.978007304514551645e-01
-1.735743506142648274e+00  -1.114564456454220753e+00  5.423114578026430044e-01
-1.839044422020335690e+00  -1.146251185594387101e+00  2.756567324032535571e-01
-1.815826160572634018e+00  -1.192578594055251795e+00  8.417468346283260572e-02
-1.682616869777559865e+00  -1.229480199041224520e+00  -4.331023120731061077e-02
-1.313015339438047491e+00  -1.269831393490312266e+00  -1.386947081163996676e-01
-6.823001125787238053e-01  -1.294042103369607677e+00  -2.589038196939567604e-01
-1.675528719282390333e-01  -1.317673662015907077e+00  -3.751141842847159902e-01
-4.614192239699266285e-02  -1.322747471272175401e+00  -3.881598187335553729e-01
-3.822496473909552939e-01  -1.325791770416536730e+00  -4.463699394383356944e-01
-7.202323799171411745e-01  -1.309408064075465505e+00  -5.253809116392080814e-01
-9.059822576492126966e-01  -1.263157356988088287e+00  -6.924465037423005453e-01
-1.000392421395720710e+00  -1.189881303098651255e+00  -7.989837012620832901e-01
-9.207204235049375463e-01  -1.109495167071871347e+00  -8.629060190742569025e-01
-7.877184117272753028e-01  -1.052158369727400622e+00  -9.075572513836861477e-01
-6.227183922925829673e-01  -9.995460285938135847e-01  -9.406458329954671127e-01
-5.918774294265842784e-01  -7.585607507606617617e-01  -9.667968248892911953e-01
-6.244921396741650588e-01  -4.318670648850341243e-01  -9.824874206711906588e-01
-6.270212064289152343e-01  -8.106371713036310267e-02  -9.919017781553993718e-01
-5.433398313045861849e-01  9.299778849180347085e-02  -9.723590229977169264e-01
-4.590514811593948141e-01  1.792244407006322038e-01  -9.480376840566776542e-01
-3.232796587126682830e-01  2.218553065023511628e-01  -9.208491955187335654e-01
-1.054984691255047707e-01  2.292235734707673833e-01  -9.234296277996860702e-01
9.332929549819905801e-02  2.336445343350102843e-01  -9.438714145846720527e-01
3.830235748062668089e-01  2.727176131688861527e-01  -9.687321718097525736e-01
8.635558758153065728e-01  3.690024664833990720e-01  -9.836486274986988576e-01
1.339312638424785540e+00  4.540887535359113270e-01  -9.863006600287933523e-01
1.437329311879445015e+00  4.960354005451984016e-01  -9.815940366169882969e-01
1.427980239946402552e+00  4.938880109784484218e-01  -9.724722189559942276e-01
1.831325086599589369e+00  5.290200816091600311e-01  -9.732969712824360853e-01
2.277809156969854421e+00  6.047300761189889906e-01  -9.674939797777545314e-01
2.136745310062913017e+00  6.137355718692290019e-01  -9.514165023849444625e-01
1.387556282745814773e+00  6.282439932090767565e-01  -8.976851154871573479e-01
6.142873696643100789e-01  6.733695490495177349e-01  -8.087657024220595847e-01
1.673657926215988967e-01  8.006012642924074107e-01  -6.546485725393277333e-01
3.553094086144657077e-02  8.678351688635590477e-01  -4.614128145807726566e-01
2.458907899114726875e-02  8.535447567321691187e-01  -2.069188239224894199e-01
1.032227718736868083e-01  7.721295041268697590e-01  1.787977460095069859e-01
3.037608503838133411e-01  6.959649768291270577e-01  7.314176682556157161e-01
5.774415571561875016e-01  6.047406315011565336e-01  1.321201146060182241e+00
5.542125971506833837e-01  5.500060249701987924e-01  1.731751830947897863e+00
1.824402116303825983e-01  5.080601358005782942e-01  1.883614573168520323e+00
-2.621401288591469481e-01  4.828926029955732946e-01  1.855073225871198161e+00
-4.607292836875476749e-01  4.860023344922700383e-01  1.762374310486155338e+00
-5.458032535949982611e-01  5.060784238807471969e-01  1.668967907758515334e+00
-6.138873956455831449e-01  4.179676977932569870e-01  1.587732703852690053e+00
-6.376981193763910927e-01  2.831551301735540371e-01  1.507502339984222894e+00
-5.497459769868994206e-01  -4.357080220174507773e-02  1.440470631913132404e+00
-4.969746950544574049e-01  -3.670781225375979173e-01  1.381358063498236755e+00
-6.527493100035267615e-01  -7.341799011864806879e-01  1.326997012542876053e+00
-9.847707489380597146e-01  -9.635460841073316685e-01  1.262891140449261762e+00
-1.337341473415005755e+00  -1.073850420842190179e+00  1.142555678047085577e+00
-1.582963420634767138e+00  -1.112717643087138608e+00  9.695889124791661207e-01
-1.764416114735902319e+00  -1.136037978448673380e+00  7.209584840903922043e-01
-1.873287724210048966e+00  -1.177345543847224008e+00  4.710147430084337117e-01
-1.785252853902632664e+00  -1.238550600379479061e+00  2.832614414940793912e-01
-1.596113818854780542e+00  -1.284378753442739107e+00  1.328224050594005445e-01
-1.141835164477131181e+00  -1.311875658862892813e+00  4.771931312028731068e-03
-4.091943793746755098e-01  -1.319268655796215217e+00  -1.350367794292470780e-01
1.496684109877836066e-01  -1.323704487922676254e+00  -2.693047452122322993e-01
2.293896579268713820e-01  -1.335471092754792144e+00  -3.057806298901162290e-01
-2.680499840649266940e-01  -1.342531082829530709e+00  -4.032402677190610185e-01
-7.028318675231363111e-01  -1.337661923764956295e+00  -5.120987917706992798e-01
-9.296214725269476009e-01  -1.298319945019729138e+00  -6.970729143186952248e-01
-1.031615699965543032e+00  -1.238294226899782524e+00  -8.206530750279946718e-01
-9.394543829601506024e-01  -1.165858319505142182e+00  -8.948011714365674552e-01
-8.159985439751521463e-01  -1.085976257783775711e+00  -9.455878715370110710e-01
-5.885671927621687338e-01  -9.925214019757866435e-01  -9.697620486810164531e-01
-5.373071852931290415e-01  -7.179254554620463358e-01  -9.779687134088212996e-01
-5.406307052088855647e-01  -3.892756370462655546e-01  -9.765948666046313509e-01
-5.596645807132015760e-01  -3.729860921000906215e-02  -9.757705585239150325e-01
-4.858860950781241361e-01  1.647824822422225832e-01  -9.689781314441210380e-01
-4.245792408153138964e-01  2.769260123817244845e-01  -9.586048342851046788e-01
-3.366758410043036442e-01  3.351070036988746392e-01  -9.334873272239103681e-01
-1.305759406768796926e-01  3.518053452799351777e-01  -9.058211391545017976e-01
1.123623362770020534e-01  3.800346007296424578e-01  -8.892214249702486972e-01
4.455626886466995118e-01  4.242875317602153862e-01  -8.981551245454488797e-01
9.181191063183471446e-01  4.872597947695955223e-01  -9.035153449441932771e-01
1.355010793569357830e+00  5.432534044071184454e-01  -8.437530533704362679e-01
1.378589145737458166e+00  5.677444429247305857e-01  -7.260237264852055228e-01
1.154179473756351992e+00  5.551236902986308452e-01  -6.175990714770888124e-01
1.241050600043076324e+00  5.566563646495749085e-01  -5.777356481578977965e-01
1.412451592294856839e+00  5.939964722703248157e-01  -5.853068060850784571e-01
1.242655999568540226e+00  5.799800338087336415e-01  -5.961473457809506327e-01
6.295857771254574908e-01  5.897804198627244476e-01  -6.089495111623907109e-01
5.726650414135633221e-02  6.593965315896983537e-01  -6.103329701559068177e-01
-2.179660185810811113e-01  7.831123278973005641e-01  -5.670781444356024492e-01
-2.808669559365190027e-01  8.482366804356638035e-01  -4.592532970601115871e-01
-2.674882308562264721e-01  8.144702879861784872e-01  -2.623036939990424088e-01
-1.742621846336004088e-01  7.577899481112251312e-01  1.014819260401490231e-01
1.713494009545824259e-01  7.055714957271170817e-01  6.094540590499767374e-01
5.831934978762423061e-01  6.651352976896441893e-01  1.159853200019614672e+00
6.428625738205853146e-01  6.681889559823517288e-01  1.521581879999402531e+00
2.526699591220494812e-01  7.064416533123327735e-01  1.669342838031406595e+00
-2.200022810789072358e-01  7.567086460677854287e-01  1.669829607896191614e+00
-4.524863379307321187e-01  7.686585932495412221e-01  1.626036777410244216e+00
-5.749370077369224674e-01  6.847773022979144475e-01  1.574569689947267648e+00
-6.143278845444369862e-01  4.432408925255794663e-01  1.499604538365010287e+00
-6.209226505208270686e-01  2.163729152358188079e-01  1.423136266456419774e+00
-6.759987973915927428e-01  -1.200606343225670974e-01  1.352063927568820656e+00
-6.238456745314484575e-01  -4.129720189040245737e-01  1.296824853207878103e+00
-6.266333266065001739e-01  -7.526111120642067220e-01  1.238490012699979825e+00
-6.283059178518269894e-01  -9.472894328519998464e-01  1.184595571525213220e+00
-8.849059166655612874e-01  -1.064096432787428270e+00  1.076684796470023464e+00
-1.175183996028304811e+00  -1.115970364588109165e+00  9.111728560971255053e-01
-1.434549662994664354e+00  -1.147094730474789825e+00  6.733131677907043811e-01
-1.641288344155875212e+00  -1.174874482749348248e+00  4.235340257935957808e-01
-1.799411075849247643e+00  -1.227962858185766892e+00  2.421773273516767133e-01
-1.740926843940068469e+00  -1.268921002574550094e+00  8.298056761718056173e-02
-1.552478447856739496e+00  -1.302601015113353355e+00  -1.253748674886040644e-02
-1.030455134381534910e+00  -1.313703883127895988e+00  -1.076353735550545782e-01
-3.082868508977733013e-01  -1.329470750266554147e+00  -1.898854759987064489e-01
1.931731742491862303e-01  -1.338930843364401824e+00  -2.140441679150843768e-01
1.873334691931538010e-01  -1.353712045521188401e+00  -3.167091805998695775e-01
-2.421644128323806600e-01  -1.353475620492663900e+00  -4.349887698043298223e-01
-5.509824279562962612e-01  -1.344228639569263750e+00  -6.382112159541786234e-01
-7.192334734096502702e-01  -1.293154821399196575e+00  -7.727403701576551764e-01
-8.031443385059194862e-01  -1.216984914453378641e+00  -8.534578640347547651e-01
-7.342125194120844300e-01  -1.134862480187241340e+00  -9.081862019150281906e-01
-5.565353325273370011e-01  -1.067378757578702597e+00  -9.410232033342564861e-01
-3.647302101224985660e-01  -9.904680182852909631e-01  -9.670232470737764041e-01
-3.348459497364945081e-01  -6.620626822532345024e-01  -9.826232740002208699e-01
-3.169153921137881080e-01  -2.009708376038723265e-01  -9.919832901304393991e-01
-2.891172925714604602e-01  3.033124111532313760e-01  -9.850036133054362875e-01
-2.553986706319214539e-01  5.967772341300795480e-01  -9.619222804940541494e-01
-2.010879723998525437e-01  7.364356241391989411e-01  -9.417756385496248717e-01
-1.514369372222794559e-02  8.020204056341612153e-01  -9.296876547420702686e-01
1.816216858354017527e-01  8.231610226901082683e-01  -9.350305489143744264e-01
5.211978206608365305e-01  8.631607707140778185e-01  -9.445341256704700150e-01
1.150937574516258000e+00  9.144759959382908754e-01  -9.502362730597909701e-01
1.613980239878163525e+00  9.816856225382087908e-01  -9.473597199220562537e-01
1.704368441723168148e+00  1.040221669353521783e+00  -9.456337887052572722e-01
1.162209670749895229e+00  1.075343289981330663e+00  -9.508960695366990290e-01
1.092510841728215887e+00  1.087311146615914437e+00  -9.666491245525481446e-01
1.544844673053956008e+00  1.094491847031695553e+00  -9.635052737480164220e-01
2.020722113228231365e+00  1.016854144156706052e+00  -9.427254371609770089e-01
1.863214753370508792e+00  9.793766503866595530e-01  -8.987683206297658600e-01
1.121199363685265293e+00  1.057046532492791346e+00  -8.409048354238015666e-01
4.203936962978561120e-01  1.240225353990110690e+00  -7.432083184651468999e-01
8.510911099432978688e-02  1.404763400426537912e+00  -5.838249295761420710e-01
5.433597901569493099e-02  1.448855459136279888e+00  -3.559402039484034219e-01
8.699138852376857300e-02  1.493520959834542916e+00  -2.397625125315818242e-02
2.599424958084138315e-01  1.511215113912705466e+00  4.523071968033016144e-01
6.704288774234345993e-01  1.512726507630513639e+00  1.065565091900305905e+00
1.001919520851798140e+00  1.495423064804656033e+00  1.635050787479567447e+00
9.281777100029048322e-01  1.503251257761658799e+00  2.014529248224647962e+00
3.556999983540480859e-01  1.580789180918107162e+00  2.135152996317475793e+00
-1.411444953385623813e-01  1.636417060741185425e+00  2.100463937054070307e+00
-4.051716664826341963e-01  1.751739928744353803e+00  1.997778548899163731e+00
-5.635879712570720512e-01  1.711672124872323231e+00  1.879486739113992222e+00
-6.586377506555557426e-01  1.460003311440749352e+00  1.764426733935860803e+00
-6.815880938786105236e-01  9.447970027243294266e-01  1.663901536406047432e+00
-7.123980613321320154e-01  3.169938230472356122e-01  1.572097169647078019e+00
-6.456852322169380765e-01  -2.144752234380351841e-01  1.472929663927456057e+00
-6.567768220357836917e-01  -6.517232842501570200e-01  1.375642093522114751e+00
-7.145510610792108475e-01  -9.140721091720814817e-01  1.222801941099954215e+00
-9.707325165054595528e-01  -1.035060919458638651e+00  1.030332363558950970e+00
-1.260759478229780406e+00  -1.089443933396111452e+00  7.574045561055594566e-01
-1.468855172647628438e+00  -1.131178878558122269e+00  4.991802244310552528e-01
-1.627792119983831665e+00  -1.192640342543757281e+00  2.875650485416475499e-01
-1.586836210388892665e+00  -1.238622374051067121e+00  1.228088864935753949e-01
-1.442984344677816777e+00  -1.275316712098597316e+00  1.765734741266227967e-02
-9.136393879965437614e-01  -1.306438427264574154e+00  -7.062494669287176785e-02
-1.359588208355061167e-01  -1.334216582282466312e+00  -1.172964819440196205e-01
4.328880988820639208e-01  -1.350883475281392743e+00  -1.704907711524088487e-01
4.674805214897651551e-01  -1.360883604291557969e+00  -1.961095034317459906e-01
1.112262904925823831e-02  -1.366883674910487345e+00  -3.059483792279195091e-01
-3.308511544654137992e-01  -1.361378611748712775e+00  -4.537236613422511722e-01
-5.530751867594398963e-01  -1.312549964625085996e+00  -6.494521535687877156e-01
-6.523300820107988951e-01  -1.228622007183753917e+00  -7.731870891253673772e-01
-6.266842068301436974e-01  -1.132739582710969417e+00  -8.600237342952520292e-01
-5.090581078785720859e-01  -1.047894746844501679e+00  -9.184235649864866957e-01
-3.703233976592075760e-01  -9.332519822181544189e-01  -9.597613090030066019e-01
-3.552416202750494079e-01  -5.184715600838534222e-01  -9.782661131630053797e-01
-2.609937442789908579e-01  5.818122238710640021e-02  -9.578797817473666543e-01
-1.533257324385051967e-01  6.409061584227365715e-01  -9.330522970344645728e-01
-5.464540075171012840e-02  9.632257293587054292e-01  -8.929644338649314061e-01
3.864232528183213916e-02  1.156617479411943705e+00  -8.752095608783805325e-01
2.479728188762482521e-01  1.318178150914863567e+00  -8.645566344181903062e-01
4.587699293069666950e-01  1.433324813139014609e+00  -8.770584079729583094e-01
8.067651048994087803e-01  1.502412810452355751e+00  -8.971551545842391118e-01
1.151880326638063279e+00  1.562075853881319754e+00  -9.092132045776462057e-01
1.461188030737436749e+00  1.597873700340136205e+00  -8.975545057752625233e-01
1.357096685457634955e+00  1.601142156368986047e+00  -8.527722330300864240e-01
9.368068554944248838e-01  1.566682726306357187e+00  -8.070093426067421749e-01
8.209510704078716303e-01  1.573322439230183001e+00  -7.795516076895475654e-01
1.211511184113166717e+00  1.622831883017890053e+00  -7.882683357399424828e-01
1.582165330349163179e+00  1.534170939439036374e+00  -7.934983739382098777e-01
1.463762567247322455e+00  1.444553862812161249e+00  -8.029342411312654360e-01
8.985678086191135616e-01  1.390783603259434731e+00  -7.897022319821994651e-01
5.764907330963607857e-01  1.531518846884813767e+00  -7.250824428751676543e-01
1.218192834498085686e+00  1.588644594897484996e+00  -5.855450887030981821e-01
2.063287659175924826e+00  1.540973944373045246e+00  -3.695679862869488685e-01
2.485145742295510551e+00  1.430425386744824223e+00  -5.734429018064628875e-02
2.175948443345229411e+00  1.382306524421807792e+00  4.196906911192514467e-01
1.956350561908920094e+00  1.380750577992850170e+00  1.033399484952574054e+00
1.926830415998244117e+00  1.407132408297796511e+00  1.615751403761674698e+00
1.704641162558275802e+00  1.441171765123613335e+00  1.971460396644053814e+00
1.128293787242635959e+00  1.516226121176338371e+00  2.065226786258778535e+00
6.291274953408293458e-01  1.561258714411531301e+00  1.982934104017977983e+00
3.125879629082169431e-01  1.570068018491116435e+00  1.839090830648834274e+00
1.056244802010957301e-01  1.466092089846700697e+00  1.683508605255184420e+00
-3.559337294226885134e-02  1.258024541694747978e+00  1.558670055411573108e+00
-8.624455730400716613e-02  1.133184012122617546e+00  1.458575556493010961e+00
-1.677545543336107503e-01  7.578105524676248539e-01  1.341838293715435171e+00
-1.144219791438334244e-01  3.140634578596908644e-01  1.240306707975029621e+00
-1.165019590337796479e-01  -3.163898297260316350e-01  1.160494253355022432e+00
-1.007101853412834397e-01  -6.946617982257309309e-01  1.081117542435937162e+00
-2.957122691786424062e-01  -9.034147274372831271e-01  9.201303506921579833e-01
-5.149520916614437338e-01  -1.028666487730900192e+00  6.912833362793562308e-01
-6.635357479677661541e-01  -1.122027793004797269e+00  4.532096550059065976e-01
-7.867654640343120231e-01  -1.214465086675023064e+00  2.536848633085140303e-01
-7.243851975352695316e-01  -1.279032598312382918e+00  9.618293372101772987e-02
-4.765588848832100211e-01  -8.729879802034522518e-01  1.629734747244387938e-02
