   5.8497567e-01   6.1560754e-01
   5.9645271e-01   6.1686663e-01
   5.6566332e-01   6.1914244e-01
   6.5850771e-01   4.9346827e-01
   6.6978194e-01   4.8223446e-01
   6.1156356e-01   4.1751444e-01
   6.3116959e-01   2.5386297e-01
   6.5489854e-01   1.9546852e-01
   6.3259303e-01   1.1083370e-01
   6.6452255e-01   5.0831306e-02
   5.8640211e-01   4.2837252e-02
   6.4495284e-01   8.0111095e-02
   6.2672120e-01   4.2739010e-02
   5.0928265e-01   1.0513176e-01
   5.6011176e-01   1.6808266e-01
   4.4274489e-01   1.8631919e-01
   3.9598653e-01   2.2921281e-01
   4.1971954e-01   2.7136188e-01
   3.1399633e-01   3.7566411e-01
   2.9149222e-01   3.6068236e-01
   3.0106505e-01   4.6492933e-01
   1.8860246e-01   3.9375760e-01
   1.4012220e-01   4.6425503e-01
   1.1759263e-01   3.4824558e-01
   9.7479957e-02   4.0299781e-01
   3.8152458e-02   3.6928260e-01
   1.3032339e-02   3.5798522e-01
   2.7795986e-03   2.8277438e-01
   8.5369492e-02   3.4944767e-01
   9.0195880e-02   3.7779670e-01
   1.0463024e-01   3.3139882e-01
   1.0534207e-01   4.3525418e-01
   1.5697086e-01   4.8963674e-01
   2.0434837e-01   6.1895965e-01
   2.4833189e-01   6.6236908e-01
   2.2953880e-01   8.1583927e-01
   3.4105080e-01   9.3064075e-01
   4.2245152e-01   9.7881951e-01
   4.1246866e-01   9.9335035e-01
   5.2606595e-01   1.0888751e+00
   5.9041518e-01   1.0456256e+00
   6.2868694e-01   1.0582775e+00
   7.1555776e-01   9.9537392e-01
   7.5314960e-01   8.6608101e-01
   8.6249680e-01   8.1527464e-01
   8.9452231e-01   6.6571756e-01
   8.9928413e-01   6.0415522e-01
   9.3880767e-01   4.8441504e-01
   1.0286116e+00   4.1387261e-01
   1.0410539e+00   3.3411519e-01
   1.0546888e+00   2.8730498e-01
   1.0121546e+00   3.3645696e-01
   9.9776933e-01   3.3334216e-01
   1.0833649e+00   2.7823916e-01
   1.0132690e+00   3.2065030e-01
   1.0431129e+00   3.8389455e-01
   9.3707660e-01   4.0972791e-01
   8.8740533e-01   4.4582560e-01
   8.8325322e-01   4.2259695e-01
   8.9070564e-01   3.9575269e-01
   7.7221975e-01   4.3666230e-01
   7.5077427e-01   3.8854545e-01
   6.7460266e-01   3.4614458e-01
   6.7943552e-01   2.8646782e-01
   6.2247741e-01   1.7303285e-01
   5.3903036e-01   9.3572839e-02
   5.4312747e-01   1.2763195e-01
   5.4232003e-01   1.4217390e-02
   5.1021562e-01   3.6912803e-02
   4.7130940e-01   1.0266821e-01
   4.3606804e-01   1.1596471e-01
   4.9572216e-01   1.7026845e-01
   4.0295488e-01   2.3162847e-01
   4.4256629e-01   3.2487938e-01
   4.2411956e-01   3.2220414e-01
   4.2776794e-01   4.3250301e-01
   4.9333663e-01   5.3650837e-01
   4.7746314e-01   5.6359392e-01
   5.5519393e-01   6.0478523e-01
   5.3351409e-01   5.8727089e-01
   5.8890643e-01   6.6409745e-01
   6.3939891e-01   6.0540908e-01
   6.0697090e-01   4.8506205e-01
   6.5490060e-01   4.1644419e-01
   6.6161047e-01   3.8352287e-01
   6.7728702e-01   2.4720627e-01
   6.2185989e-01   2.1700474e-01
   6.4745229e-01   1.7911685e-01
   6.0523352e-01   1.3379974e-01
   6.4814866e-01   5.4952134e-02
   6.3157363e-01   4.0464165e-02
   6.2110524e-01   7.6073501e-02
   5.4563023e-01   6.6792937e-02
   5.0160523e-01   1.6402242e-01
   4.5944125e-01   2.3396066e-01
   4.0780047e-01   2.6685622e-01
   3.8589671e-01   3.3722309e-01
   3.0818674e-01   3.3024296e-01
   2.8312727e-01   4.1458641e-01
   2.5424004e-01   4.5431252e-01
   1.7371082e-01   4.4547797e-01
   1.2724807e-01   3.8138836e-01
   1.3668174e-01   3.8297771e-01
   1.1538834e-01   3.8906314e-01
   1.0278996e-01   3.1396344e-01
   2.6545311e-02   3.0333725e-01
   8.3300693e-02   2.9785823e-01
   9.1696106e-02   3.2029931e-01
   1.0709751e-01   3.2781046e-01
   5.8279325e-02   3.8471802e-01
   9.6334832e-02   4.0929952e-01
   1.0476092e-01   5.3743111e-01
   1.4781353e-01   6.2734188e-01
   2.3263226e-01   6.7400222e-01
   2.4204842e-01   8.0993528e-01
   3.6352056e-01   9.4451054e-01
   3.5377903e-01   9.9582680e-01
   4.6065844e-01   1.0500931e+00
   4.9565127e-01   1.0562160e+00
   6.0510457e-01   1.0165513e+00
   6.8654579e-01   9.7401966e-01
   6.7832401e-01   9.4026092e-01
   8.2232528e-01   8.7350875e-01
   8.7217425e-01   7.5088125e-01
   8.7115417e-01   6.8849957e-01
   9.1122527e-01   6.0673992e-01
   1.0153762e+00   5.1924700e-01
   1.0361283e+00   4.7511867e-01
   9.9612441e-01   3.4615365e-01
   1.0622082e+00   3.1009511e-01
   1.0250270e+00   2.9043274e-01
   1.0867851e+00   3.3891360e-01
   1.0673342e+00   2.7393088e-01
   1.0480108e+00   3.7547305e-01
   9.7677291e-01   3.4429280e-01
   9.4479316e-01   4.4424704e-01
   9.7367661e-01   4.6567861e-01
   8.6366295e-01   4.5051677e-01
   8.2333525e-01   4.1620848e-01
   7.5816005e-01   4.2501739e-01
   7.3132298e-01   3.7904076e-01
   7.3765283e-01   3.2082892e-01
   6.9772739e-01   2.3136495e-01
   5.8168322e-01   2.2466373e-01
   5.9213995e-01   1.1610755e-01
   5.5705137e-01   1.3514393e-01
   4.9173811e-01   5.5320554e-02
   5.0610101e-01   7.9251320e-03
   4.6723465e-01   5.9552109e-02
   4.5878734e-01   1.2378120e-01
   4.3241881e-01   1.1588338e-01
   3.9944403e-01   2.1201542e-01
   4.2334801e-01   2.4832888e-01
   4.4780642e-01   3.5532364e-01
   4.5019623e-01   4.5194268e-01
   4.4666303e-01   5.4500134e-01
   5.3891152e-01   5.9757797e-01
   5.3484615e-01   5.7053715e-01
   5.4229196e-01   6.6876717e-01
   5.5078641e-01   6.4237404e-01
   5.8823981e-01   6.2045057e-01
   6.4289931e-01   5.5454835e-01
   6.4816818e-01   4.4865726e-01
   6.9373381e-01   3.5295087e-01
   6.6450234e-01   3.1746434e-01
   6.6877187e-01   1.5196333e-01
   6.6076224e-01   8.5826602e-02
   6.8849435e-01   6.8763022e-02
   6.0879329e-01   5.7863589e-02
   6.3834750e-01   3.3213512e-02
   5.6988593e-01   2.2205913e-02
   5.8057551e-01   8.3830981e-02
   5.1004828e-01   1.2888444e-01
   4.8645367e-01   2.3001437e-01
   4.4589050e-01   2.4153069e-01
   3.6394389e-01   3.6289407e-01
   3.5161789e-01   4.0640950e-01
   2.6650649e-01   3.5861101e-01
   2.4945794e-01   4.1852113e-01
   1.9221188e-01   4.6943945e-01
   2.1384300e-01   3.9080828e-01
   1.7839603e-01   3.7328030e-01
   5.3320906e-02   4.0548493e-01
   9.7506230e-02   3.5054892e-01
   8.5492681e-02   3.5662231e-01
   1.0163699e-01   2.6048008e-01
   1.0386394e-03   3.1046891e-01
   3.3232382e-02   3.5610217e-01
   2.8600116e-02   3.6938217e-01
   1.2674668e-01   4.6512353e-01
   1.4899119e-01   5.2268621e-01
   1.3184505e-01   6.4417580e-01
   2.1765862e-01   6.8525223e-01
   3.1401417e-01   8.1814245e-01
   3.3962427e-01   9.0221217e-01
   4.3700666e-01   1.0016749e+00
   5.0076145e-01   1.0446096e+00
   5.5439088e-01   1.0711726e+00
   6.1060851e-01   1.0662838e+00
   7.0767287e-01   1.0302588e+00
   6.7751209e-01   9.1270788e-01
   8.1835401e-01   8.4814708e-01
   8.4416543e-01   8.3990785e-01
   8.6729005e-01   6.9363615e-01
   9.8377655e-01   5.6668480e-01
   9.8566762e-01   5.2465840e-01
   1.0018118e+00   4.2414828e-01
   1.0475091e+00   3.3534703e-01
   1.0276718e+00   3.2589512e-01
   1.0018331e+00   3.2413723e-01
   1.0096700e+00   2.7053179e-01
   1.0468954e+00   2.9600627e-01
   9.9320787e-01   3.3400965e-01
   9.9146242e-01   3.5660759e-01
   1.0011653e+00   3.6868545e-01
   8.9201910e-01   4.0442515e-01
   9.2782919e-01   4.3088279e-01
   8.1322575e-01   4.5313777e-01
   7.5445374e-01   4.2214279e-01
   7.2463752e-01   3.4193760e-01
   7.1420831e-01   2.7916243e-01
   7.0435675e-01   2.6604729e-01
   6.4872872e-01   1.8127609e-01
   5.7049698e-01   1.5347819e-01
   5.7579487e-01   7.4385160e-02
   4.8964375e-01   8.8924600e-02
   4.5953860e-01   5.7677627e-02
   5.0355536e-01   5.7526333e-02
   4.1223043e-01   1.0913415e-01
   4.7052746e-01   1.6008436e-01
   4.6790974e-01   2.5794043e-01
   4.0284287e-01   2.7808308e-01
   4.4314489e-01   4.0505948e-01
   4.5017462e-01   5.0148165e-01
   5.2144315e-01   5.0825376e-01
   5.3257961e-01   5.8582194e-01
   5.6914353e-01   6.2867382e-01
   5.7913774e-01   6.7371838e-01
   6.2032972e-01   5.9137115e-01
   5.5352862e-01   6.0165661e-01
   6.0956813e-01   5.0785052e-01
   6.2539739e-01   4.1958770e-01
   6.4861690e-01   3.0746252e-01
   6.7949179e-01   3.0365457e-01
   6.2469910e-01   1.4647167e-01
   6.1146016e-01   1.7892142e-01
   6.8032923e-01   1.1699168e-01
   6.6756148e-01   1.0496298e-01
   5.9507578e-01   1.2374112e-02
   5.8095397e-01   2.5309289e-02
   5.4043887e-01   9.3282544e-02
   5.0353699e-01   1.6458292e-01
   4.7875881e-01   1.7498745e-01
   4.7725268e-01   2.2012571e-01
   3.5070487e-01   3.4251832e-01
   3.5709012e-01   4.0109344e-01
   2.4407712e-01   3.9687020e-01
   2.0688658e-01   3.9011907e-01
   2.2978218e-01   4.1690985e-01
   1.4333890e-01   4.1661447e-01
   1.7974538e-01   4.0342273e-01
   6.1416337e-02   3.7186131e-01
   3.1967831e-02   3.8478084e-01
   4.3530829e-02   2.9612814e-01
   6.6522313e-03   2.9258969e-01
   1.8249770e-02   3.3388981e-01
   8.8555597e-02   3.5459191e-01
   4.2182404e-02   3.6035705e-01
   8.9610824e-02   4.7414588e-01
   1.1123988e-01   5.1159026e-01
   2.0946439e-01   6.3572223e-01
   2.3176834e-01   7.0236872e-01
   3.1825485e-01   7.9892310e-01
   2.9532996e-01   8.9852614e-01
   3.7258602e-01   1.0117147e+00
   4.1908223e-01   1.0664918e+00
   5.4813231e-01   1.0503781e+00
   6.0209628e-01   1.0872853e+00
   6.3469080e-01   1.0623981e+00
   6.7662709e-01   9.8978617e-01
   7.5213431e-01   8.9600541e-01
   8.7217780e-01   7.4933099e-01
   8.6390550e-01   6.8962030e-01
   9.0552600e-01   5.4572371e-01
   9.4187279e-01   5.2850357e-01
   1.0154115e+00   3.8613234e-01
   1.0511586e+00   3.4110574e-01
   1.0004854e+00   3.0762792e-01
   1.0821056e+00   2.8753028e-01
   1.0447845e+00   2.8154553e-01
   1.0246552e+00   3.5597041e-01
   9.7349635e-01   3.7776970e-01
   9.7919796e-01   4.1332295e-01
   9.5298231e-01   3.5889891e-01
   9.5465946e-01   4.1164804e-01
   8.6169655e-01   4.1554670e-01
   7.9483832e-01   4.2030178e-01
   8.1769590e-01   4.3847173e-01
   7.2597085e-01   3.2746492e-01
   6.6447750e-01   3.1161441e-01
   6.6396618e-01   2.8546083e-01
   6.0396720e-01   1.5496105e-01
   6.2297976e-01   1.4327622e-01
   5.3762014e-01   6.3275438e-02
   4.7911326e-01   1.5302218e-02
   4.8431439e-01   2.6813114e-02
   4.8913929e-01   4.0381846e-02
   4.7109360e-01   1.1822252e-01
   4.8984603e-01   1.6388116e-01
   4.8006304e-01   2.2758829e-01
   4.8176481e-01   3.3449698e-01
   4.7290796e-01   4.2151215e-01
   5.2089803e-01   4.9703868e-01
   4.8888797e-01   5.3469536e-01
   5.3536547e-01   5.7396570e-01
   5.5449377e-01   5.9091695e-01
   5.6673645e-01   6.2829185e-01
   5.4566408e-01   6.0348169e-01
   6.0544748e-01   6.0507009e-01
   6.2392331e-01   5.1250827e-01
   6.0052233e-01   4.7437321e-01
   6.3365306e-01   3.4010260e-01
   6.8247128e-01   2.5918568e-01
   6.5210210e-01   2.1286541e-01
   6.7884786e-01   1.3060830e-01
   6.1393700e-01   6.9466268e-02
   6.5320019e-01   1.0277602e-01
   5.9941769e-01   7.3782110e-02
   5.3146680e-01   7.1207803e-02
   5.5739563e-01   1.0504694e-01
   4.9110187e-01   1.9749500e-01
   4.2928256e-01   2.0858001e-01
   4.6305471e-01   2.2321309e-01
   3.9291155e-01   3.6328133e-01
   2.9097087e-01   3.4141328e-01
   3.0741702e-01   4.2586631e-01
   2.1259037e-01   4.7426918e-01
   2.4399247e-01   4.5510779e-01
   1.1691252e-01   3.9680645e-01
   1.6938989e-01   4.1332550e-01
   7.8238875e-02   3.6419308e-01
   8.5236691e-02   2.9866326e-01
   1.5193355e-02   3.0516916e-01
   1.5879828e-02   2.6548115e-01
   6.3004920e-02   2.7077126e-01
   1.0769922e-01   3.7288792e-01
   9.7081294e-02   3.5267930e-01
   1.4070767e-01   4.8320534e-01
   1.3068219e-01   5.5577387e-01
   1.6367899e-01   5.9185966e-01
   1.8700004e-01   6.9168057e-01
   2.5457000e-01   8.1070471e-01
   2.9863588e-01   8.9190433e-01
   4.3876391e-01   9.2880342e-01
   4.1464536e-01   1.0124835e+00
   5.0092479e-01   1.0261872e+00
   6.1236942e-01   1.0219313e+00
   6.3811352e-01   9.7829199e-01
   7.2814596e-01   9.3234198e-01
   7.8303706e-01   8.6348682e-01
   8.9224445e-01   8.3008920e-01
   8.6297978e-01   7.3565159e-01
   9.1121183e-01   5.6005500e-01
   9.8301082e-01   4.7630551e-01
   9.6566051e-01   3.9560376e-01
   1.0589785e+00   3.9206728e-01
   1.0669148e+00   3.6210082e-01
   1.0830686e+00   3.2896302e-01
   1.0107398e+00   3.2497016e-01
   1.0337085e+00   3.2049673e-01
   1.0046031e+00   3.4824228e-01
   1.0365836e+00   3.8349667e-01
   9.2161025e-01   3.5392227e-01
   8.9447394e-01   4.0614860e-01
   9.0305621e-01   4.6678343e-01
   8.1458311e-01   3.8323784e-01
   7.5391499e-01   3.5313404e-01
   7.1030738e-01   3.9640058e-01
   6.9523244e-01   3.4279114e-01
   6.2555277e-01   2.0760374e-01
   5.7261151e-01   1.5408323e-01
   5.6118452e-01   1.2267112e-01
   5.2727799e-01   1.2035721e-01
   4.7125074e-01   8.5867067e-02
   4.9748482e-01   1.9516477e-02
   4.1807762e-01   1.0462084e-01
   4.4329717e-01   6.0271320e-02
   4.5957084e-01   1.0224641e-01
   4.5344456e-01   1.8821348e-01
   4.1070339e-01   3.1688375e-01
   4.9305243e-01   4.1654430e-01
   4.8405872e-01   4.5140703e-01
   4.4987253e-01   4.9579314e-01
   5.4836528e-01   6.2294282e-01
   5.5537568e-01   6.0203883e-01
   5.2146429e-01   6.3134477e-01
   6.1744491e-01   5.9988962e-01
   5.8995780e-01   5.7198671e-01
   5.9956324e-01   5.1068855e-01
   6.7236507e-01   3.9295473e-01
   6.0496107e-01   3.4739310e-01
   6.4562247e-01   2.5492898e-01
   6.0912595e-01   2.3063681e-01
   6.2062077e-01   1.5815151e-01
   6.6246643e-01   3.8477423e-02
   6.2414586e-01   5.1875492e-03
   5.7486235e-01   8.4003542e-02
   5.3007384e-01   3.8181355e-02
   5.7834674e-01   6.6268469e-02
   4.7142758e-01   1.0876249e-01
   4.5391924e-01   2.4537777e-01
   3.9845939e-01   2.4289001e-01
   3.4022479e-01   2.8993407e-01
   3.5631946e-01   3.7474486e-01
   2.8290493e-01   4.2653812e-01
   2.9356338e-01   3.9476134e-01
   2.0164528e-01   4.4569342e-01
   1.1468008e-01   4.5653182e-01
   9.9542900e-02   3.6937715e-01
   9.7019643e-02   3.1928781e-01
   3.4807827e-02   3.7652661e-01
   3.1212114e-02   2.8826043e-01
   6.9036794e-02   3.3039455e-01
   8.6939159e-02   2.7724020e-01
   4.1624411e-02   3.3442163e-01
   1.0590700e-01   3.8356867e-01
   1.2146377e-01   4.4951566e-01
   1.2039067e-01   5.4501613e-01
   1.7757455e-01   6.7123077e-01
   2.4196692e-01   7.3224791e-01
   2.6408057e-01   8.0280205e-01
   3.2614506e-01   8.9994005e-01
   3.5755486e-01   1.0100479e+00
   4.9206577e-01   1.0300630e+00
   5.5611307e-01   1.0110219e+00
   5.7666144e-01   1.0628027e+00
   6.5858686e-01   9.9401716e-01
   6.8832236e-01   9.1755360e-01
   7.4889760e-01   8.6303163e-01
   8.9319143e-01   7.5914664e-01
   9.1663455e-01   6.9338749e-01
   9.0458761e-01   5.4190254e-01
   1.0292294e+00   4.6893447e-01
   9.9097888e-01   4.1666395e-01
   9.8858252e-01   3.3998202e-01
   1.0749711e+00   2.9156824e-01
   1.0127057e+00   2.6297783e-01
   1.0956840e+00   2.9291018e-01
   1.0489270e+00   3.2874838e-01
   9.9086937e-01   3.8280685e-01
   9.5757580e-01   3.9740057e-01
   9.3952415e-01   3.5719535e-01
   8.8693409e-01   4.1974045e-01
   8.6295371e-01   3.7892898e-01
   7.9061803e-01   3.7339203e-01
   7.7773217e-01   3.9036567e-01
   7.8752288e-01   3.8556925e-01
   7.2696158e-01   2.6006666e-01
   6.5520005e-01   2.5962366e-01
   6.2470324e-01   1.5026367e-01
   5.2844112e-01   9.1417221e-02
   5.3838522e-01   5.7610932e-02
   4.9916864e-01   4.7224971e-02
   4.9554497e-01   8.5912166e-02
   4.2659471e-01   7.4736843e-02
   4.4480749e-01   1.2846283e-01
   4.1922374e-01   1.5739997e-01
   4.6207309e-01   1.8856012e-01
   4.4429200e-01   3.4535752e-01
   4.9450714e-01   4.3026990e-01
   4.4286098e-01   4.7041324e-01
   4.6704133e-01   5.0951110e-01
   4.7307471e-01   6.2933712e-01
   5.0088639e-01   6.1191381e-01
   5.4960159e-01   6.0277966e-01
   5.9669700e-01   6.3463687e-01
   5.5758056e-01   5.9918839e-01
   5.7408968e-01   5.1093575e-01
   6.6277951e-01   4.3345980e-01
   6.6532750e-01   3.3965713e-01
   6.0420231e-01   2.1346973e-01
   7.0373023e-01   2.2821128e-01
   6.4230012e-01   7.6950261e-02
   6.5232884e-01   8.9991494e-02
   5.9995239e-01   5.5383953e-02
   5.7947671e-01   4.1197177e-02
   5.6160854e-01   9.1698852e-02
   4.9901368e-01   1.0957453e-01
   5.4052905e-01   1.7678811e-01
   4.2035854e-01   2.4390094e-01
   4.3657381e-01   2.4376499e-01
   3.5005934e-01   2.8213050e-01
   3.6760471e-01   3.6222444e-01
   2.6938881e-01   3.9213413e-01
   2.6453260e-01   4.5026359e-01
   2.2163774e-01   3.8675059e-01
   1.3177546e-01   3.9234561e-01
   1.4717920e-01   3.7383093e-01
   1.2274781e-01   4.0569894e-01
   6.7769025e-02   2.9608391e-01
   8.7355939e-02   3.4123074e-01
   2.2790589e-02   3.4230272e-01
   1.3453334e-02   3.4043442e-01
   9.4427290e-02   3.5775182e-01
   8.6207438e-02   4.1220593e-01
   5.9454122e-02   4.7346566e-01
   1.5721316e-01   5.0404047e-01
   2.2152285e-01   5.8954921e-01
   1.9812396e-01   7.2784422e-01
   2.9650761e-01   8.7760471e-01
   3.4279505e-01   9.5570480e-01
   4.0011267e-01   9.3505357e-01
   4.9279764e-01   1.0384253e+00
   4.8778599e-01   1.0327489e+00
   6.1646354e-01   1.0128480e+00
   6.1993755e-01   1.0031624e+00
   7.1076814e-01   9.4072699e-01
   7.9909550e-01   8.6451546e-01
   8.2691091e-01   7.5179693e-01
   9.1711365e-01   6.2980706e-01
   9.1418970e-01   5.6425815e-01
   1.0026994e+00   5.0517626e-01
   1.0110311e+00   4.1293854e-01
   1.0457153e+00   3.8135433e-01
   1.0499944e+00   3.2795775e-01
   1.0676964e+00   2.8620740e-01
   1.0098336e+00   2.9511309e-01
   1.0209494e+00   2.7558898e-01
   1.0239643e+00   3.1047449e-01
   9.4504489e-01   4.0580192e-01
   9.8713323e-01   3.6244234e-01
   9.5822883e-01   4.0267830e-01
   8.8837599e-01   4.3890642e-01
   8.6355924e-01   3.9080590e-01
   7.6440250e-01   4.3676659e-01
   6.8976392e-01   3.4253295e-01
   7.3738688e-01   2.8453517e-01
   6.7119265e-01   2.1193344e-01
   6.0784500e-01   1.4633058e-01
   6.0998933e-01   1.1586245e-01
   5.0569445e-01   1.1416441e-01
   5.0200352e-01   1.3849250e-02
   4.8092495e-01   1.7206637e-03
   4.3580110e-01   9.2455299e-02
   4.5619383e-01   6.7900997e-02
   4.6583550e-01   1.3930797e-01
   4.5163786e-01   2.5727262e-01
   4.7942469e-01   2.9723055e-01
   4.2670693e-01   3.8540075e-01
   4.3836574e-01   4.4111700e-01
   4.9248804e-01   5.8609811e-01
   5.4186379e-01   6.2351323e-01
   5.0402554e-01   6.0000782e-01
   5.6065194e-01   6.5807796e-01
   6.0492672e-01   6.3841232e-01
   5.6450103e-01   5.5154706e-01
   6.1315592e-01   4.6939954e-01
   6.3492168e-01   3.8256470e-01
   6.9299863e-01   3.6565180e-01
   6.6786056e-01   2.2019100e-01
   7.0088949e-01   2.2952697e-01
   6.6653791e-01   1.1922909e-01
   6.1170135e-01   1.1733466e-01
   6.5965653e-01   1.0007563e-01
   5.7267348e-01   4.2251078e-02
   5.6389293e-01   2.5858770e-02
   4.9637182e-01   1.5670382e-01
   5.4397915e-01   1.7041415e-01
   4.6342556e-01   2.1099106e-01
   4.0855048e-01   2.3465804e-01
   4.1371029e-01   3.1168105e-01
   3.1916368e-01   4.1520083e-01
   2.6762732e-01   4.2585384e-01
   2.5225842e-01   4.0033619e-01
   2.1335017e-01   4.4622523e-01
   1.6171924e-01   4.5251678e-01
   1.3068892e-01   4.3411712e-01
   7.0638777e-02   3.2195625e-01
   1.0204841e-01   3.2431436e-01
   9.6875054e-02   2.9449703e-01
   8.8885689e-02   3.0221613e-01
   7.2889642e-02   2.8671215e-01
   1.8100587e-02   3.6007030e-01
   4.1849666e-02   3.4883720e-01
   7.3153016e-02   4.5515146e-01
   1.1876548e-01   5.1276092e-01
   1.3228966e-01   6.5782764e-01
   2.3585877e-01   7.1431273e-01
   2.5340866e-01   7.8526062e-01
   3.2016390e-01   9.5479477e-01
   3.6690872e-01   1.0352607e+00
   4.3248707e-01   1.0735794e+00
   4.9479958e-01   1.0006925e+00
   6.2173533e-01   9.9576910e-01
   6.8846275e-01   1.0093198e+00
   6.9043712e-01   9.8880801e-01
   7.6445434e-01   8.3357196e-01
   8.3343628e-01   7.4731866e-01
   8.8310299e-01   7.2033065e-01
   9.2240015e-01   6.1112835e-01
   1.0022611e+00   5.1707476e-01
   1.0157284e+00   4.0006420e-01
   1.0179529e+00   4.0747977e-01
   1.0407967e+00   2.9657161e-01
   1.0601907e+00   3.3498573e-01
   1.0014939e+00   3.0641117e-01
   1.0086038e+00   2.9356680e-01
   9.8188091e-01   3.2689587e-01
   9.8845782e-01   3.9964169e-01
   9.6935728e-01   3.9107999e-01
   9.4693816e-01   4.2148505e-01
   8.4619947e-01   4.6858756e-01
   8.0169115e-01   4.6741698e-01
   7.9627588e-01   4.3141883e-01
   6.9498734e-01   3.2352590e-01
   6.9142158e-01   2.8254032e-01
   6.0698290e-01   2.0619485e-01
   5.7240098e-01   2.0388112e-01
   5.3660996e-01   1.7426665e-01
   5.5289954e-01   7.8129865e-02
   5.1946118e-01   8.7750271e-02
   4.5495938e-01   9.5078864e-02
   5.0676346e-01   7.5762994e-02
   4.5254471e-01   1.4199181e-01
   4.0735552e-01   1.1957665e-01
   4.8958914e-01   2.5666901e-01
   4.6481279e-01   2.7060349e-01
   4.5541887e-01   3.7864098e-01
   4.7886792e-01   4.5259151e-01
   5.1533658e-01   4.9626754e-01
   4.8071178e-01   5.7968411e-01
   5.1051329e-01   6.1908905e-01
   5.8967210e-01   6.3384524e-01
   5.8477959e-01   5.7706430e-01
   5.9376644e-01   5.3902690e-01
   6.4634982e-01   4.5640377e-01
   6.1589681e-01   4.3686122e-01
   6.2743987e-01   3.2709176e-01
   6.8346103e-01   2.2989282e-01
   6.2943482e-01   1.4021410e-01
   6.6398666e-01   1.6022896e-01
   6.2348607e-01   1.0532513e-01
   6.0282446e-01   5.2779716e-02
   6.1724278e-01   1.3994539e-02
   5.7919722e-01   4.8347732e-02
   5.7717755e-01   6.9498714e-02
   4.6827353e-01   1.8939497e-01
   4.5928082e-01   2.3411808e-01
   4.6240897e-01   2.7540053e-01
   3.7996999e-01   3.2409199e-01
   3.6343007e-01   4.1338109e-01
   3.1132376e-01   4.3695352e-01
   2.3549603e-01   4.5127186e-01
   1.6772822e-01   4.6462207e-01
   1.7182990e-01   3.6576359e-01
   1.5995567e-01   3.9322285e-01
   1.3947442e-01   3.2533210e-01
   1.2173634e-01   3.0220898e-01
   2.2929973e-02   2.9709736e-01
   1.1827780e-02   3.3872818e-01
   7.5323128e-02   3.5755804e-01
   1.0735979e-01   3.6203135e-01
   9.1164192e-02   3.8649336e-01
   5.7392177e-02   4.1807023e-01
   1.7569744e-01   5.2175489e-01
   1.8912534e-01   6.2894830e-01
   2.6521302e-01   7.4858843e-01
   2.8535833e-01   7.9002811e-01
   3.7252231e-01   9.4257167e-01
   3.5994073e-01   9.8572663e-01
   4.2517921e-01   1.0762977e+00
   5.7861936e-01   1.0951267e+00
   6.2191801e-01   1.0442805e+00
   6.7195903e-01   9.7342834e-01
   7.7484093e-01   9.6043166e-01
   7.5537711e-01   8.5951342e-01
   8.5783408e-01   8.0791516e-01
   8.8943507e-01   7.1112076e-01
   9.0613441e-01   5.8464486e-01
   9.4464849e-01   4.5142467e-01
   9.7813138e-01   4.2136076e-01
   1.0329118e+00   3.7609851e-01
   9.9844931e-01   2.8670411e-01
   1.0701696e+00   3.5628404e-01
   1.0431827e+00   3.2638135e-01
   1.0230782e+00   3.5689444e-01
   1.0444539e+00   3.4548971e-01
   9.6966413e-01   3.3826667e-01
   9.3570029e-01   3.7652028e-01
   9.0504287e-01   4.4222083e-01
   8.4052720e-01   4.5443629e-01
   8.6974627e-01   3.7929477e-01
   8.3038859e-01   3.9167375e-01
   7.5131048e-01   3.1565270e-01
   6.5195915e-01   2.7195369e-01
   6.6311890e-01   2.5811673e-01
   6.1986009e-01   2.1552502e-01
   5.7935971e-01   1.1585936e-01
   5.0083109e-01   1.0067150e-01
   4.9830329e-01   4.5805798e-02
   4.4718790e-01   8.3734376e-02
   4.9889895e-01   5.1654422e-02
   4.3947686e-01   8.2018577e-02
   4.8507445e-01   1.1889202e-01
   4.8592602e-01   2.4484233e-01
   4.1659410e-01   3.2915393e-01
   4.7872462e-01   4.1237908e-01
   4.9696852e-01   4.3714885e-01
   4.6201642e-01   5.1277706e-01
   4.6658813e-01   6.4054423e-01
   5.6448913e-01   6.2555558e-01
   5.8574310e-01   5.9812222e-01
   5.4065610e-01   5.5870475e-01
   5.5782547e-01   5.1799618e-01
   5.8097584e-01   5.3558929e-01
   6.0948556e-01   4.1956319e-01
   6.5421550e-01   3.4836770e-01
   6.0613557e-01   2.7003021e-01
   6.4735396e-01   1.4442143e-01
   6.1738420e-01   1.6129557e-01
   6.4649413e-01   1.2305880e-01
   6.5269340e-01   4.1042837e-03
   5.5570594e-01   1.5821006e-02
   5.7155074e-01   7.2869103e-02
   4.9703605e-01   1.1566038e-01
   4.7297749e-01   1.6548365e-01
   4.1442830e-01   2.1430627e-01
   4.6192421e-01   2.4324964e-01
   4.1336192e-01   3.8724595e-01
   2.9291877e-01   4.2439778e-01
   2.5861389e-01   4.3098451e-01
   2.6384638e-01   4.1370489e-01
   1.6021497e-01   3.7926541e-01
   1.5030675e-01   4.2377086e-01
   9.4664901e-02   3.9859393e-01
   9.4568871e-02   3.4494696e-01
   3.0208510e-02   3.3071394e-01
   1.0538052e-01   3.2174795e-01
   3.3353145e-02   3.2162458e-01
   5.4402627e-02   3.4698101e-01
   1.1051105e-01   3.4434066e-01
   9.7608789e-02   4.0450464e-01
   1.3213359e-01   4.2395703e-01
   1.0997600e-01   5.0403043e-01
   1.8688024e-01   6.1159161e-01
   2.1253629e-01   7.9626161e-01
   3.1498102e-01   7.9486647e-01
   3.2011491e-01   9.4289840e-01
   4.5263288e-01   9.4788991e-01
   5.0710430e-01   9.8604218e-01
   5.4114819e-01   1.0967155e+00
   6.4984959e-01   1.0675541e+00
   6.9648799e-01   9.5584541e-01
   7.4310928e-01   9.2752959e-01
   7.6805714e-01   8.6908440e-01
   8.7450727e-01   7.7421706e-01
   9.1069735e-01   6.5048486e-01
   9.1008777e-01   6.1731783e-01
   9.9614323e-01   4.6992792e-01
   1.0421963e+00   4.2091029e-01
   1.0057455e+00   3.0883781e-01
   1.0536851e+00   3.2522775e-01
   1.0832249e+00   3.4064969e-01
   1.0912967e+00   2.6513812e-01
   1.0272921e+00   3.1946820e-01
   1.0540901e+00   3.2294579e-01
   9.6344505e-01   3.8377583e-01
   9.8896416e-01   4.3116796e-01
   9.2027462e-01   4.3004604e-01
   8.7762497e-01   3.8111197e-01
   8.1072082e-01   4.5395136e-01
   8.2846968e-01   4.0081874e-01
   7.7272068e-01   3.6237498e-01
   6.6624095e-01   3.2433637e-01
   6.8753852e-01   2.4000022e-01
   6.4421642e-01   2.0185550e-01
   6.0667094e-01   1.4489330e-01
   5.0011086e-01   1.2433708e-01
   5.3848874e-01   1.6755421e-02
   4.8926188e-01   5.0437402e-02
   4.7919948e-01   6.7289596e-02
   4.1117380e-01   1.4527180e-01
   4.9464302e-01   1.9302301e-01
   4.1909208e-01   2.7187861e-01
   4.3630848e-01   3.2503351e-01
   4.3363324e-01   4.4570567e-01
   4.6143908e-01   4.7598121e-01
   5.3438419e-01   5.3187072e-01
   5.1185631e-01   5.6629689e-01
   4.9639772e-01   6.6631293e-01
   5.3405556e-01   6.4057818e-01
   5.8550278e-01   5.9013281e-01
   5.9894708e-01   5.2674601e-01
   5.9345253e-01   4.5364203e-01
   6.3976369e-01   4.0900763e-01
   5.9812161e-01   3.2046167e-01
   6.7297076e-01   2.7964548e-01
   6.8570093e-01   1.4193630e-01
   6.0106066e-01   1.0890110e-01
   6.1918458e-01   8.0470692e-02
   6.2615229e-01   5.7159416e-02
   6.0609998e-01   5.6380904e-02
   5.6638038e-01   7.0789522e-02
   4.9406970e-01   1.1870158e-01
   4.8698405e-01   1.8922431e-01
   4.1987006e-01   2.1378566e-01
   4.2916551e-01   2.4125874e-01
   3.2665029e-01   3.2193833e-01
   3.1923948e-01   3.8151534e-01
   2.4282561e-01   4.3179696e-01
   2.3815276e-01   3.9473090e-01
   1.6499682e-01   4.2527765e-01
   1.2168784e-01   3.6192110e-01
   1.4411116e-01   3.4500402e-01
   9.5186408e-02   3.7290228e-01
   7.7010756e-02   2.9859461e-01
   6.9615206e-03   3.4714010e-01
   5.3192624e-02   2.7753089e-01
   4.7592850e-02   3.4889345e-01
   7.3616502e-02   3.6215207e-01
   4.0887908e-02   4.2002170e-01
   9.8182901e-02   5.1776113e-01
   1.0388199e-01   5.1277144e-01
   2.0146739e-01   6.7784547e-01
   1.9148649e-01   7.8286339e-01
   2.6487698e-01   8.5280006e-01
   3.0564531e-01   9.5305657e-01
   4.5154637e-01   9.6345366e-01
   4.7186314e-01   9.8495303e-01
   5.8828312e-01   1.0369608e+00
   6.2385769e-01   1.0403029e+00
   6.3867744e-01   9.8423243e-01
   7.7462679e-01   9.2683874e-01
   8.4168328e-01   8.1372893e-01
   8.5904187e-01   7.6695472e-01
   8.7256741e-01   6.4904526e-01
   9.1304186e-01   6.1201194e-01
   1.0194508e+00   4.3002015e-01
   1.0194690e+00   3.9773333e-01
   1.0314796e+00   3.1792977e-01
   1.0830704e+00   3.4245685e-01
   1.0707071e+00   3.3950409e-01
   1.0149431e+00   2.7744150e-01
   1.0172791e+00   2.8587484e-01
   1.0179693e+00   3.8282852e-01
   9.7270817e-01   3.8451761e-01
   9.8439942e-01   4.5155852e-01
   9.2803561e-01   4.7440328e-01
   8.3885872e-01   4.6252967e-01
   8.4413347e-01   3.7827577e-01
   7.8111973e-01   3.4559561e-01
   7.6937700e-01   3.0345607e-01
   6.6047314e-01   3.3420153e-01
   6.2496507e-01   2.0832723e-01
   6.2531767e-01   2.0293300e-01
   5.3905879e-01   1.4418935e-01
   5.5830584e-01   4.9413891e-02
   4.7366000e-01   1.4208524e-02
   4.4075549e-01   1.7113233e-02
   4.5043192e-01   5.1677371e-02
   4.0093963e-01   7.7023818e-02
   4.6690891e-01   2.1107206e-01
   4.6643998e-01   2.6345238e-01
   4.1509713e-01   2.9172724e-01
   4.4812077e-01   3.6907318e-01
   4.4238724e-01   4.9778262e-01
   4.5906354e-01   5.8430206e-01
   4.7413722e-01   6.2300014e-01
   5.6559837e-01   5.8327928e-01
   5.3695899e-01   6.2528316e-01
   5.7720697e-01   5.6548658e-01
   5.6325606e-01   5.2414669e-01
   5.8586462e-01   4.9869835e-01
   6.0979441e-01   4.5710185e-01
   6.1099052e-01   2.8382714e-01
   6.3911521e-01   2.4075413e-01
   6.7747221e-01   1.9407629e-01
   6.6856294e-01   1.3574437e-01
   6.2621860e-01   9.4391205e-02
   5.7658482e-01   8.2522846e-02
   6.0745782e-01   8.8128858e-02
   5.2938909e-01   1.2701702e-01
   5.0787170e-01   7.3984643e-02
   4.8716006e-01   1.3637304e-01
   5.0988043e-01   1.8142871e-01
   4.4161545e-01   3.1395470e-01
   3.5270407e-01   3.1568010e-01
   3.7395453e-01   3.8360819e-01
   2.6510822e-01   4.2909628e-01
   2.5702370e-01   3.7915865e-01
   1.7150077e-01   3.8150554e-01
   1.0526338e-01   3.8826626e-01
   9.1118959e-02   4.0444042e-01
   6.9247966e-02   3.7032400e-01
   4.3543149e-02   3.3112834e-01
   8.5821810e-02   3.0330075e-01
   3.9420046e-02   3.5206428e-01
   4.7065935e-02   2.9449886e-01
   8.0397654e-02   3.2863173e-01
   5.6172362e-02   4.2484991e-01
   1.2163023e-01   5.1285010e-01
   1.2054780e-01   5.5922655e-01
   2.0305791e-01   6.2394978e-01
   2.0193613e-01   7.3667962e-01
   2.9229823e-01   8.9759694e-01
   3.1076588e-01   9.5255589e-01
   4.1895427e-01   9.6402482e-01
   4.8556232e-01   1.0615765e+00
   5.9329898e-01   1.0716972e+00
   5.6981076e-01   1.0160418e+00
   7.2966685e-01   9.8470783e-01
   7.7777947e-01   9.0889457e-01
   8.2897362e-01   8.7681955e-01
   8.9911323e-01   7.1564692e-01
   9.3081827e-01   6.4124780e-01
   9.3304877e-01   5.7452252e-01
   9.8138487e-01   4.3796578e-01
   9.9898192e-01   3.5595185e-01
   1.0038836e+00   3.1850913e-01
   1.0302420e+00   2.8025143e-01
   1.0260871e+00   3.0759389e-01
   1.0511937e+00   2.6523091e-01
   1.0605564e+00   3.1977982e-01
   9.8086937e-01   3.5839022e-01
   1.0096878e+00   3.7881774e-01
   9.4262502e-01   3.8408170e-01
   8.9900302e-01   4.3635810e-01
   8.7562896e-01   4.0899340e-01
   8.4503718e-01   3.6844760e-01
   8.1512316e-01   3.7687906e-01
   7.4672859e-01   3.4135432e-01
   6.8188400e-01   2.4815650e-01
   6.2996549e-01   2.5891293e-01
   5.9157588e-01   1.7658910e-01
   5.8696655e-01   1.2635359e-01
   5.1846600e-01   1.2556240e-01
   4.8180683e-01   8.5908525e-02
   4.7716548e-01   9.4213278e-02
   4.9937941e-01   4.8302827e-02
   4.6560799e-01   8.7862196e-02
   4.4381382e-01   2.1832955e-01
   4.9093218e-01   2.0393714e-01
   4.4957074e-01   3.7400250e-01
   4.5683220e-01   4.0963457e-01
   5.2573259e-01   5.2806638e-01
   5.1073505e-01   5.9481904e-01
   5.4121852e-01   6.0630370e-01
   4.9632617e-01   6.5617842e-01
   5.4920234e-01   6.2843299e-01
   6.2180327e-01   6.0591529e-01
   5.8286240e-01   5.6367682e-01
   6.1932865e-01   5.2510051e-01
   6.8485785e-01   3.9945401e-01
   6.6923260e-01   3.2853370e-01
   6.1505181e-01   2.2098416e-01
   6.9819653e-01   1.6620259e-01
   6.9623171e-01   1.2361122e-01
   5.9111139e-01   4.7557422e-02
   6.6879192e-01   9.6828435e-02
   6.2650806e-01   7.3347440e-02
   5.5848732e-01   4.4124804e-02
   5.0536171e-01   1.0768711e-01
   5.0334924e-01   1.5414650e-01
   4.6891890e-01   1.8818300e-01
   3.9705535e-01   3.1202696e-01
   4.0465310e-01   3.1617795e-01
   3.6088391e-01   3.6684963e-01
   2.8776840e-01   4.2657561e-01
   2.1328301e-01   3.8480490e-01
   1.6398574e-01   4.1143429e-01
   1.8413343e-01   4.2167312e-01
   1.3171782e-01   4.1570302e-01
   1.0119281e-01   4.0237466e-01
   9.4398413e-02   3.6174845e-01
   4.7905556e-02   3.2566987e-01
   3.8962287e-02   3.3076198e-01
   6.3932724e-02   3.5407429e-01
   6.3712269e-02   3.8815628e-01
   8.8761622e-02   4.1221664e-01
   8.4744033e-02   4.5582551e-01
   1.8175993e-01   5.9520210e-01
   2.3106043e-01   7.0252197e-01
   2.6882346e-01   7.9534236e-01
   2.8246620e-01   8.4630868e-01
   3.5363004e-01   9.6167972e-01
   4.4813046e-01   1.0198852e+00
   4.5951657e-01   1.0801995e+00
   5.1501694e-01   1.0676739e+00
   6.5132291e-01   1.0197441e+00
   7.0306026e-01   9.5041113e-01
   7.2143962e-01   9.6985386e-01
   8.5908938e-01   8.3060868e-01
   8.5260487e-01   7.8796225e-01
   8.6957427e-01   6.1354923e-01
   9.5369308e-01   5.7593025e-01
   1.0150929e+00   4.2722532e-01
   1.0357660e+00   4.1335413e-01
   1.0617543e+00   3.8858590e-01
   1.0500089e+00   2.7124516e-01
   1.0456497e+00   2.7393299e-01
   1.0268252e+00   2.9433227e-01
   1.0125053e+00   3.6437506e-01
   1.0009571e+00   3.1005055e-01
   9.8821731e-01   3.4794674e-01
   9.2025901e-01   4.3287833e-01
   9.3571470e-01   4.2375675e-01
   8.5147856e-01   4.7453101e-01
   8.3840931e-01   3.8383874e-01
   7.3037377e-01   3.8008888e-01
   7.7192508e-01   3.4517159e-01
   6.8934577e-01   2.3846669e-01
   6.1828340e-01   2.3126628e-01
   5.9189246e-01   1.3005610e-01
   5.6649532e-01   1.5229607e-01
   5.3319737e-01   1.0791323e-01
   5.3098745e-01   1.2575251e-02
   4.8453904e-01   8.6666686e-02
   4.8124254e-01   4.8432776e-02
   4.5023163e-01   6.7900080e-02
   4.2373122e-01   2.2247697e-01
   4.5865155e-01   2.3042692e-01
   4.7568269e-01   3.1875612e-01
   4.7873055e-01   4.3131956e-01
   4.6336508e-01   5.1837096e-01
   4.4796252e-01   5.8782156e-01
   5.2155495e-01   5.7879018e-01
   5.0934234e-01   6.1469970e-01
   5.2513344e-01   5.9242842e-01
   6.1201368e-01   6.3750366e-01
   5.9434559e-01   5.2948309e-01
   6.0856278e-01   4.7395296e-01
   6.0625795e-01   3.8940132e-01
   6.3169141e-01   3.3260960e-01
   6.1828800e-01   2.0965370e-01
   6.9011168e-01   1.4917969e-01
   6.7374552e-01   1.2933772e-01
   6.7103330e-01   1.9515279e-02
   6.7044341e-01   2.0862392e-02
   6.0773159e-01   5.3850444e-02
   5.2399943e-01   8.3882650e-02
   5.0132395e-01   1.6479234e-01
   5.1008878e-01   2.0343639e-01
   4.9842593e-01   2.0439099e-01
   3.8307749e-01   2.4576980e-01
   3.2193467e-01   3.2656347e-01
   2.9482414e-01   3.9951851e-01
   2.5105357e-01   4.3348956e-01
   2.7603442e-01   3.8353217e-01
   1.8631149e-01   3.7930333e-01
   1.0738552e-01   4.4029999e-01
   1.0821012e-01   4.0634346e-01
   6.9682225e-02   3.3278333e-01
   9.2545355e-02   3.6756662e-01
   6.2371618e-02   3.0261118e-01
   5.1197036e-02   3.0463339e-01
   5.6149138e-02   3.4500089e-01
   5.2804896e-02   3.9224737e-01
   1.1903119e-01   4.0450226e-01
   8.2289652e-02   5.0990268e-01
   1.3912168e-01   5.6570666e-01
   1.6687087e-01   6.4287094e-01
   2.4537792e-01   8.1295606e-01
   3.2424941e-01   8.9137071e-01
   3.3379894e-01   9.3863882e-01
   4.0181867e-01   9.7032237e-01
   5.2963844e-01   1.0479988e+00
   5.3909550e-01   1.0329562e+00
   6.2687614e-01   1.0593942e+00
   7.2823047e-01   9.4967463e-01
   7.4906096e-01   9.6844296e-01
   7.8405317e-01   7.9536178e-01
   8.5445310e-01   7.7998522e-01
   9.1852517e-01   6.3235855e-01
   9.8506608e-01   5.4183077e-01
   9.6098245e-01   4.2323642e-01
   1.0503349e+00   4.0912260e-01
   9.9563297e-01   3.0337994e-01
   1.0666972e+00   3.5594880e-01
   1.0897360e+00   2.5791675e-01
   1.0095584e+00   3.3235088e-01
   1.0761597e+00   3.5423356e-01
   9.9750435e-01   3.3617427e-01
   9.5691460e-01   3.4529608e-01
   9.6998605e-01   4.5500320e-01
   9.0069751e-01   4.5903041e-01
   8.7392263e-01   4.6585930e-01
   7.8097137e-01   3.8215412e-01
   7.6841822e-01   4.2093235e-01
   7.7374683e-01   3.5634766e-01
   7.2993623e-01   2.8097414e-01
   6.5597938e-01   2.2603588e-01
   6.0951007e-01   1.6557864e-01
   5.8101340e-01   1.3190354e-01
   5.1460374e-01   9.0006469e-02
   5.3274100e-01   5.8145123e-02
   4.2657738e-01   5.7645917e-02
   4.5021094e-01   4.2334910e-02
   4.6238613e-01   1.1125514e-01
   4.1047150e-01   1.7351578e-01
   4.1919458e-01   2.7553597e-01
   4.5661645e-01   3.5785253e-01
   4.9611781e-01   3.7949819e-01
   5.1916522e-01   4.6894482e-01
   5.3013699e-01   5.6915742e-01
   4.7758976e-01   6.0015019e-01
   5.8447118e-01   5.8485863e-01
   5.8193135e-01   5.9252653e-01
   6.2000503e-01   6.0795229e-01
   5.7768766e-01   5.8136490e-01
   5.9551734e-01   5.2065048e-01
   6.7806963e-01   4.1440747e-01
   6.3445545e-01   2.9627206e-01
   6.2708756e-01   2.0868573e-01
   6.5509821e-01   1.8708810e-01
   6.2694927e-01   1.0662178e-01
   6.2811287e-01   1.0614831e-01
   5.8578917e-01   3.4847596e-02
   5.8356423e-01   5.3835086e-02
   6.0129565e-01   1.1756978e-01
   5.7994897e-01   1.3484044e-01
   5.4180555e-01   1.5818188e-01
   4.4072343e-01   1.8988414e-01
   4.1081621e-01   2.6565604e-01
   3.8934830e-01   3.2412658e-01
   3.0582887e-01   3.8567225e-01
   2.7955935e-01   4.0385544e-01
   2.6286162e-01   4.1992079e-01
   1.6521438e-01   4.0373020e-01
   1.3414737e-01   4.3361710e-01
   1.0076918e-01   3.7504908e-01
   9.1078150e-02   3.2683585e-01
   9.5574333e-02   3.1220760e-01
   2.2957795e-02   3.1832239e-01
   5.4366341e-02   3.5259062e-01
   7.1140089e-02   3.5534980e-01
   5.1426105e-02   3.9373215e-01
   6.6406471e-02   4.3409110e-01
   1.5957478e-01   5.3336550e-01
   1.6523319e-01   6.0659290e-01
   1.5821091e-01   6.7362128e-01
   1.9799814e-01   7.5122969e-01
   3.3501430e-01   8.2889734e-01
   4.0571265e-01   8.9347045e-01
   4.2993180e-01   1.0170264e+00
   4.9201020e-01   1.0804393e+00
   5.8442772e-01   1.0561477e+00
   5.8852511e-01   1.0504910e+00
   6.7250919e-01   9.9467966e-01
   7.9400690e-01   9.4741847e-01
   8.1644771e-01   8.7222587e-01
   8.3634273e-01   7.6036974e-01
   8.8776313e-01   6.5657699e-01
   9.4889874e-01   5.3320223e-01
   9.5779975e-01   4.4416305e-01
   1.0643237e+00   4.0763132e-01
   1.0843966e+00   3.0972851e-01
   1.0228084e+00   3.4244694e-01
   1.0309358e+00   3.2238435e-01
   1.0909392e+00   3.0685016e-01
   1.0032907e+00   3.1038287e-01
   1.0399952e+00   3.1259798e-01
   9.9296087e-01   3.7480120e-01
   8.9592418e-01   3.6537417e-01
   8.7076668e-01   4.0989303e-01
   8.7356056e-01   4.7465336e-01
   7.8765025e-01   3.9069686e-01
   7.8191215e-01   3.3603009e-01
   7.2178750e-01   3.6980425e-01
   6.7074268e-01   2.4370326e-01
   6.0348563e-01   2.5604009e-01
   5.5685546e-01   1.6067408e-01
   5.7898455e-01   9.6433319e-02
   5.4387817e-01   4.9094629e-02
   5.3719206e-01   7.1326587e-02
   4.4018610e-01   1.0240127e-01
   4.1290492e-01   9.6259801e-02
   4.9620895e-01   7.9979019e-02
   4.1304746e-01   1.3804114e-01
   4.6493394e-01   2.2539910e-01
   4.9886521e-01   3.1630761e-01
   4.9516582e-01   4.4098087e-01
   5.0827873e-01   4.9093834e-01
   4.8525516e-01   5.3412288e-01
   5.2092467e-01   6.0374484e-01
   5.1150013e-01   5.9353242e-01
   5.5237819e-01   6.4373441e-01
   5.5820228e-01   5.7766503e-01
   5.8334493e-01   5.1686054e-01
   6.6033066e-01   5.2542769e-01
   5.9659891e-01   3.7989128e-01
   6.2388221e-01   3.0873035e-01
   6.4177446e-01   2.1723339e-01
   6.4807408e-01   1.4693481e-01
   6.4968636e-01   5.6645527e-02
   6.5258515e-01   1.7643832e-02
   5.9321401e-01   2.1516169e-02
   5.5952246e-01   6.7304050e-02
   5.1968425e-01   1.0356712e-01
   5.1029655e-01   1.2512561e-01
   5.0350208e-01   1.9279342e-01
   4.7755547e-01   2.6535565e-01
   3.6480029e-01   2.7947663e-01
   3.2263060e-01   3.1445582e-01
   3.0382425e-01   4.1323230e-01
   2.2342669e-01   4.1244526e-01
   2.1505733e-01   4.4393909e-01
   1.6760716e-01   4.6178240e-01
   1.4293716e-01   3.9948382e-01
   1.1941223e-01   4.2410699e-01
   1.0732725e-01   3.5717038e-01
   3.5807112e-02   3.3522236e-01
   9.4648812e-02   3.5984284e-01
   4.8460634e-02   3.4940000e-01
   9.3781383e-02   3.0778414e-01
   5.9796834e-02   3.7244805e-01
   1.3572610e-01   4.3915463e-01
   1.1029540e-01   5.2774027e-01
   1.1910058e-01   6.2465276e-01
   1.7046434e-01   6.9321907e-01
   2.0771238e-01   7.5877172e-01
   2.7537806e-01   8.4106405e-01
   3.3775974e-01   9.2014979e-01
   3.8246284e-01   9.6663702e-01
   5.2384185e-01   1.0464949e+00
   5.6011478e-01   1.0162109e+00
   6.5833254e-01   1.0542874e+00
   7.2402354e-01   9.6846894e-01
   7.4476261e-01   9.0034272e-01
   8.3714383e-01   8.2617828e-01
   9.0247477e-01   7.6600176e-01
   9.1089469e-01   6.6661080e-01
   9.8303450e-01   5.3198250e-01
   1.0273064e+00   4.6619715e-01
   1.0554324e+00   3.7632275e-01
   1.0376390e+00   3.3623795e-01
   1.0895095e+00   3.1484299e-01
   1.0697364e+00   3.3054473e-01
   1.0662276e+00   3.4037838e-01
   1.0249008e+00   3.2800768e-01
   1.0506588e+00   3.8687204e-01
   1.0229169e+00   3.6460634e-01
   9.7642628e-01   4.0376716e-01
   9.5004498e-01   4.6403735e-01
   9.0292675e-01   4.5346433e-01
   7.8643892e-01   3.9291508e-01
   7.6940435e-01   4.1084213e-01
   7.2716804e-01   3.6099332e-01
   7.0462640e-01   2.8786442e-01
   6.4347315e-01   2.1222138e-01
   6.1473250e-01   1.7525404e-01
   5.1520642e-01   8.7741474e-02
   5.1810721e-01   1.0570755e-01
   4.6895941e-01   3.0847956e-02
   4.6242337e-01   7.3828188e-02
   4.6847736e-01   3.2074781e-02
   4.5851120e-01   9.6595517e-02
   4.1991947e-01   1.6766617e-01
   4.6905231e-01   2.1222686e-01
   4.3692790e-01   3.2062725e-01
   4.5238673e-01   4.4593332e-01
   4.5584402e-01   5.2925287e-01
   5.0399210e-01   5.2345133e-01
   5.2323333e-01   5.5859453e-01
   4.9769456e-01   6.3379971e-01
   5.4392501e-01   5.9045029e-01
   5.8947953e-01   5.4598864e-01
   6.1175588e-01   5.3448543e-01
   6.0581368e-01   5.1672912e-01
   6.6694630e-01   4.3623684e-01
   6.5620118e-01   2.6372508e-01
   6.8393561e-01   1.9262267e-01
   6.7016232e-01   1.5323662e-01
   6.0637788e-01   1.4207503e-01
   6.5453584e-01   7.0967530e-02
   6.4878516e-01   1.3092568e-02
   5.8984659e-01   1.5787453e-02
   5.8441644e-01   3.7459931e-02
   5.7479159e-01   1.0175349e-01
   5.2258914e-01   1.4861846e-01
   4.9777185e-01   2.8293485e-01
   3.7087345e-01   3.0852499e-01
   3.7042590e-01   3.9218660e-01
   3.2372528e-01   4.2649146e-01
   2.7894390e-01   4.1513178e-01
   2.3909006e-01   4.0081243e-01
   1.5372198e-01   4.0448543e-01
   1.7228989e-01   4.3443552e-01
   6.6053212e-02   3.7941118e-01
   5.7578546e-02   3.9073838e-01
   2.7882543e-02   3.4305845e-01
   3.9199606e-02   3.3097032e-01
   5.1014303e-03   2.6192152e-01
   5.6239950e-02   3.5149446e-01
   3.4630323e-02   3.8404875e-01
   7.0903616e-02   3.7365610e-01
   8.3878870e-02   4.7495853e-01
   1.8133763e-01   6.0728384e-01
   2.2325419e-01   6.6463744e-01
   2.9574523e-01   8.1721707e-01
   3.1925602e-01   8.3481002e-01
   3.4193713e-01   9.2955816e-01
   3.8756884e-01   1.0209297e+00
   5.1080732e-01   1.0350992e+00
   5.5155155e-01   1.0167758e+00
   6.8127627e-01   1.0716155e+00
   6.9378938e-01   9.9303802e-01
   7.6214225e-01   9.4672271e-01
   8.3683305e-01   8.6479872e-01
   8.4514071e-01   7.1857245e-01
   9.1311494e-01   6.2498364e-01
   9.7305932e-01   5.8524208e-01
   1.0154844e+00   4.5962660e-01
   1.0485686e+00   4.3534071e-01
   9.9237064e-01   3.2966271e-01
   1.0696705e+00   2.7457427e-01
   1.0135874e+00   3.4354130e-01
   1.0191693e+00   2.6891100e-01
   1.0372910e+00   3.2440667e-01
   1.0487660e+00   3.1847080e-01
   9.4526675e-01   4.3383336e-01
   9.4799662e-01   4.0102983e-01
   8.7208926e-01   4.3954765e-01
   8.1540296e-01   4.3393430e-01
   8.3795912e-01   3.6101442e-01
   7.7560336e-01   3.4682676e-01
   6.8501375e-01   3.4155640e-01
   6.6166696e-01   3.1193156e-01
   6.7352008e-01   2.6385174e-01
   5.6085561e-01   2.0155987e-01
   5.1009431e-01   1.5496865e-01
   4.8926527e-01   8.5774187e-02
   5.3070488e-01   3.5246094e-02
   4.9556046e-01   7.5101547e-02
   5.0665467e-01   3.6783971e-02
   4.7972376e-01   1.3905814e-01
   4.8487433e-01   2.2696958e-01
   4.5090425e-01   2.5733533e-01
   4.7931141e-01   3.6529298e-01
   4.8191700e-01   4.7727443e-01
   5.1991016e-01   4.8263608e-01
   5.0385344e-01   5.6486168e-01
   5.5557796e-01   6.1620958e-01
   5.7268020e-01   6.1462857e-01
   5.9809272e-01   5.9312771e-01
   6.3448064e-01   5.4964569e-01
   5.7206526e-01   5.5438681e-01
   5.7696005e-01   4.3155124e-01
   6.6390559e-01   4.3221364e-01
   6.5762929e-01   2.8872538e-01
   6.2513101e-01   2.6039452e-01
   6.9262447e-01   1.6179725e-01
   6.7348208e-01   7.8477566e-02
   6.4693386e-01   4.6539542e-02
   5.6798323e-01   4.6957915e-02
   5.8558380e-01   3.4030802e-02
   5.9221543e-01   5.1010427e-02
   5.5849379e-01   1.1950460e-01
   4.7772319e-01   1.4097116e-01
   4.0969982e-01   2.9307582e-01
   4.2114888e-01   3.5092464e-01
   3.1761504e-01   3.6681332e-01
   3.5018899e-01   3.6819615e-01
   2.8843534e-01   4.2633256e-01
   2.4709419e-01   4.4179548e-01
   2.2200337e-01   4.7009411e-01
   1.0065283e-01   4.1639982e-01
   1.3011022e-01   3.4256449e-01
   3.5702758e-02   3.9741198e-01
   9.3300479e-02   2.8476400e-01
   8.0895305e-02   2.8466580e-01
   9.4685659e-02   3.1494593e-01
   2.9676302e-02   2.8419311e-01
   2.3641073e-02   3.9946592e-01
   4.3963723e-02   4.5291977e-01
   1.3374813e-01   4.6292147e-01
   1.2339335e-01   5.7910251e-01
   1.8552162e-01   6.8359959e-01
   2.3230378e-01   7.9424423e-01
   2.8553317e-01   8.5055421e-01
   4.1183895e-01   9.0639741e-01
   4.3054279e-01   1.0334046e+00
   4.8194889e-01   1.0913493e+00
   5.3693240e-01   1.0569189e+00
   6.2759863e-01   1.0765140e+00
   7.2129290e-01   9.9468444e-01
   8.0565104e-01   8.9096489e-01
   8.1665604e-01   8.0202414e-01
   8.8089262e-01   7.3780497e-01
   9.3060339e-01   6.6750340e-01
   1.0101469e+00   5.3322610e-01
   1.0128238e+00   4.6041459e-01
   9.9266536e-01   4.2846786e-01
   1.0590575e+00   3.3471412e-01
   1.0815554e+00   3.0788610e-01
   1.0392789e+00   3.3449310e-01
   9.9882400e-01   2.9521273e-01
   9.7837335e-01   3.7598033e-01
   1.0513260e+00   3.3520598e-01
   9.7516664e-01   4.3663936e-01
   9.3433499e-01   4.5369421e-01
   8.6389436e-01   4.5939747e-01
   8.7575273e-01   4.1068458e-01
   8.3475425e-01   3.8764188e-01
   8.1293940e-01   3.3956974e-01
   7.3878493e-01   2.8692882e-01
   7.1996850e-01   2.9736048e-01
   6.3292039e-01   2.2931160e-01
   5.7989849e-01   1.1466255e-01
   5.3129553e-01   1.4009265e-01
   5.3258501e-01   3.4213748e-02
   4.7447821e-01   2.4136019e-02
   4.7443535e-01   7.2542028e-02
   5.0747937e-01   5.2303194e-02
   4.3744868e-01   1.3441107e-01
   4.8092700e-01   1.8510753e-01
   4.3522270e-01   2.2714564e-01
   4.8073320e-01   3.3015611e-01
   4.2486579e-01   4.4216918e-01
   4.9056770e-01   4.7557327e-01
   4.5906521e-01   6.0626277e-01
   5.1026831e-01   5.7219320e-01
   5.5712834e-01   6.2620627e-01
   5.7620561e-01   5.7545378e-01
   5.7428561e-01   6.3255482e-01
   6.0854901e-01   5.7414017e-01
   6.2837211e-01   5.0309482e-01
   6.4099623e-01   3.4430541e-01
   6.8657515e-01   2.5971524e-01
   6.9924293e-01   2.0148229e-01
   6.2781204e-01   1.4669309e-01
   6.9642273e-01   9.7663446e-02
   6.7096242e-01   7.1273104e-02
   5.6785175e-01   5.8157513e-03
   5.7915986e-01   1.0919525e-02
   5.1478192e-01   9.6003106e-02
   5.6394610e-01   1.7721018e-01
   5.0193441e-01   1.4215855e-01
   4.4741308e-01   2.1156639e-01
   3.9046580e-01   3.0631522e-01
   3.4970228e-01   3.6392839e-01
   3.1575691e-01   4.0731319e-01
   2.8651372e-01   4.5327126e-01
   2.4768394e-01   4.3451117e-01
   1.5653616e-01   4.6925304e-01
   1.5308834e-01   3.5944380e-01
   7.0061305e-02   3.9888494e-01
   4.3558554e-02   3.7446534e-01
   2.7017232e-02   3.0277607e-01
   3.7748789e-02   2.7643601e-01
   4.3413250e-02   3.5614303e-01
   9.8500669e-02   3.0840113e-01
   1.0719899e-01   3.2174935e-01
   6.2798880e-02   4.6074592e-01
   1.3134647e-01   5.4421585e-01
   2.0322972e-01   6.3724437e-01
   1.5347719e-01   7.1955004e-01
   2.8063435e-01   8.2243218e-01
   2.7067518e-01   8.3764235e-01
   3.5774939e-01   9.5571567e-01
   4.2405746e-01   1.0591988e+00
   5.5066422e-01   1.0234548e+00
   5.5826658e-01   1.0852902e+00
   6.2598916e-01   9.9682995e-01
   6.5470991e-01   1.0265215e+00
   7.4412320e-01   9.3911787e-01
   7.7498938e-01   8.6953343e-01
   8.8730821e-01   7.1266357e-01
   9.5022251e-01   6.4208219e-01
   9.2930209e-01   5.6798830e-01
   9.9839191e-01   4.5344670e-01
   1.0450899e+00   3.6417965e-01
   1.0260344e+00   3.1268666e-01
   1.0483701e+00   3.4511861e-01
   1.0097639e+00   3.1144260e-01
   1.0294077e+00   3.3546973e-01
   1.0388632e+00   3.3707258e-01
   1.0275124e+00   3.1883966e-01
   9.5753879e-01   4.3916209e-01
   9.8159538e-01   4.5927202e-01
   9.3967883e-01   4.0643704e-01
   8.3895049e-01   4.2620501e-01
   8.3540356e-01   3.6580887e-01
   7.1838017e-01   4.0905733e-01
   6.7683448e-01   3.7652739e-01
   6.4597812e-01   3.0063567e-01
   5.7992229e-01   2.2029869e-01
   5.5752637e-01   1.8617558e-01
   5.8125858e-01   1.3297624e-01
   4.8242092e-01   3.3901414e-02
   5.2596268e-01   3.4384789e-02
   4.2219940e-01   4.3797564e-02
   4.8424317e-01   6.5008793e-02
   4.1491181e-01   1.3776747e-01
   4.8852231e-01   2.2016749e-01
   4.8163275e-01   2.5773849e-01
   4.6846495e-01   3.3337830e-01
   4.8724262e-01   4.6812281e-01
   4.9995400e-01   4.9518193e-01
   5.5174518e-01   5.5109457e-01
   4.7692746e-01   5.8445118e-01
   5.3187121e-01   6.1224938e-01
   6.1002862e-01   6.5856874e-01
   5.4755853e-01   6.0946812e-01
   6.2673631e-01   4.8584680e-01
   6.1778251e-01   4.4570985e-01
   6.6986943e-01   3.6964851e-01
   6.9666531e-01   2.7733143e-01
   6.7137948e-01   2.2996929e-01
   6.1740717e-01   1.6688347e-01
   6.3479541e-01   1.1674352e-01
   5.8634585e-01   3.8042991e-02
   6.5335282e-01   2.8472561e-02
   5.4378218e-01   9.3572183e-02
   5.6709497e-01   5.0332725e-02
   5.3726230e-01   9.1501140e-02
   4.7381374e-01   2.2518292e-01
   4.2280672e-01   2.7564669e-01
   3.9021685e-01   2.8667824e-01
   3.2373135e-01   3.3033653e-01
   3.3402571e-01   4.4333834e-01
   2.7985994e-01   4.2165248e-01
   1.8162961e-01   4.0207863e-01
   1.6071287e-01   4.4842190e-01
   1.0788527e-01   4.1529498e-01
   1.5360929e-01   4.0327410e-01
   5.5478700e-02   3.3845057e-01
   4.5501241e-02   3.4970236e-01
   1.0895422e-02   2.7513836e-01
   2.5924832e-02   2.9507750e-01
   9.5585012e-02   3.1334220e-01
   4.1411238e-02   3.3751076e-01
   6.6514191e-02   3.9035360e-01
   1.0256237e-01   5.3359425e-01
   1.5227691e-01   6.3443068e-01
   1.7832575e-01   7.1642415e-01
   2.1318625e-01   8.0794459e-01
   3.6030085e-01   8.9643302e-01
   3.3005911e-01   9.5341264e-01
   4.8670295e-01   1.0099344e+00
   5.3941835e-01   1.0736502e+00
   5.5410863e-01   1.0530393e+00
   6.5382349e-01   1.0664949e+00
   6.6801608e-01   9.3684855e-01
   7.8504044e-01   8.7512443e-01
   8.6120194e-01   8.0885393e-01
   9.1798776e-01   7.5114419e-01
   9.2053169e-01   6.1011095e-01
   9.4491818e-01   5.0465508e-01
   1.0329577e+00   4.0908294e-01
   1.0414557e+00   3.5158770e-01
   1.0341967e+00   3.7191398e-01
   1.0252150e+00   3.1382960e-01
   1.0984612e+00   3.4656875e-01
   1.0501920e+00   2.9065319e-01
   1.0367583e+00   3.6610363e-01
   1.0167220e+00   4.1485719e-01
   9.3343860e-01   3.9581926e-01
   9.4940695e-01   3.7725161e-01
   8.5150930e-01   3.8950585e-01
   8.3760377e-01   3.9250260e-01
   8.4485884e-01   4.3243173e-01
   8.0633848e-01   3.6360353e-01
   7.2645229e-01   2.7818308e-01
   7.1016546e-01   2.3958138e-01
   5.9133908e-01   1.9265792e-01
   5.3676566e-01   1.1289215e-01
   5.3148064e-01   1.3696725e-01
   5.6701028e-01   5.0895259e-02
   4.6751479e-01   4.8843243e-02
   4.8320538e-01   5.9185202e-02
