1.110814801359503307e-01  7.725799073995773814e-01
2.196080481365273729e-01  5.335426674647766321e-01
4.016987176586320762e-01  2.683356934105691760e-01
3.195991690648234407e-01  1.212041278943976758e-01
2.520709146816930701e-01  -3.211784988217922798e-01
3.278584685087577166e-01  -7.513077470566712490e-01
3.303478900734915236e-01  -1.028372385054777904e+00
3.471791007937145568e-01  -1.308551800862443937e+00
2.663968588987757902e-01  -1.440268974797258350e+00
2.321718412289279498e-01  -1.383550555456104503e+00
3.026849742416080624e-01  -1.383740861745721418e+00
6.541448680943770522e-02  -1.335272869876147350e+00
-5.107723716915413964e-02  -1.092467372918604074e+00
-1.674436016378682834e-01  -9.351977043426965563e-01
-4.544784568198154129e-01  -8.167813629604907533e-01
-4.947469639772103522e-01  -6.520435991848129165e-01
-6.381377466645860030e-01  -3.683500838231124064e-01
-8.623915694179179470e-01  -1.953257339246353697e-01
-8.850067887437370606e-01  -2.240842928091451788e-02
-1.064948333148926451e+00  4.166222836814159614e-02
-1.346417596926145155e+00  4.035602932938830989e-02
-1.470605061973610850e+00  -4.780614430198416170e-02
-1.545181103974967884e+00  -1.664686354398338952e-01
-1.684112201130008035e+00  -1.257174359873202696e-01
-1.831800705821088782e+00  -2.129121544267192356e-01
-1.893663489343982764e+00  -3.804888233594815317e-01
-1.767154699427624154e+00  -3.970270690424241855e-01
-1.614274367199194593e+00  -2.129575797967048212e-01
-1.580589686296102192e+00  -2.479203401134601192e-01
-1.554100861623345597e+00  -1.366183956311489700e-01
-1.462563550222487185e+00  1.699071987687894025e-01
-1.289413699945899161e+00  5.257664541949519377e-01
-1.129634487283905031e+00  8.603694567866402299e-01
-1.085579521401593306e+00  1.241748601125057583e+00
-9.234255435773881526e-01  1.761422602716547825e+00
-5.860449064975947753e-01  2.077134632500671430e+00
-4.611438470827074476e-01  2.198610555654560983e+00
-2.799349439252288851e-01  2.411801269632134481e+00
3.127164873495374975e-02  2.513064621002735421e+00
2.107431474916526826e-01  2.453793445468521739e+00
4.296021391394840849e-01  2.356449988925280792e+00
6.472720341909182773e-01  1.984142622204182915e+00
9.042503553714604791e-01  1.635268984030349371e+00
1.151493849681320070e+00  1.247141248244141298e+00
1.215830368506732428e+00  8.381779247407478151e-01
1.293280020123756202e+00  4.869734682762685285e-01
1.519457869888466872e+00  1.183735135682343620e-01
1.698273959407078149e+00  -1.727750989886459310e-01
1.743879777243291018e+00  -4.179515901599827332e-01
1.693338453454782622e+00  -4.134153042525504085e-01
1.593793296252402847e+00  -3.242358334709351531e-01
1.718331358770966544e+00  -4.370106079991464831e-01
1.745438376534037772e+00  -4.615962442265706400e-01
1.675042575782174303e+00  -2.569292388154881257e-01
1.541791432687183550e+00  -8.437535689974402786e-02
1.269478030150825276e+00  3.559242272109389149e-02
1.175347553797635447e+00  6.052127744237692508e-02
1.181119390404628655e+00  -3.647588042270212549e-02
9.869354980397152532e-01  -9.229631359778524974e-03
7.422127303602987780e-01  -2.319090905235234035e-02
5.714924377965078239e-01  -1.985344545116895509e-01
4.467297320103406078e-01  -3.962709148798332914e-01
3.555690763324572679e-01  -7.316088409624665889e-01
1.100177083144901757e-01  -1.105269267512727582e+00
-2.875558424669046390e-02  -1.193216188715338077e+00
-2.300235575310179484e-02  -1.346937093169728872e+00
-8.056113625724389826e-02  -1.522670826490211349e+00
-2.047500004661783890e-01  -1.351331111164257193e+00
-3.344250047385418090e-01  -1.198198203701557052e+00
-2.917300881303436788e-01  -1.067248531438469206e+00
-3.496409352060720899e-01  -8.431941279181031090e-01
-4.426040185468527732e-01  -5.436944428642821459e-01
-4.055895944735298797e-01  -3.682386414045025202e-01
-4.314700897546879244e-01  -1.597589221033643980e-01
-3.104179415139305398e-01  2.553737558694618159e-01
-2.235071445844483973e-01  5.093123762203366489e-01
-1.153263295527858640e-01  6.415727414854681676e-01
-1.730010701795771724e-02  6.874378369073861350e-01
4.165891203735216236e-02  8.023326324610219329e-01
2.268384482705579352e-01  8.374684550626678714e-01
2.584309860172964712e-01  4.906556784760566226e-01
2.855415365702724806e-01  1.246083036194379767e-01
3.810994290469819634e-01  -7.208511533508746294e-02
4.202505261117225333e-01  -3.999190126327130668e-01
3.507316471976821837e-01  -7.224843544070206347e-01
2.985543713530722232e-01  -8.543816261609353813e-01
2.694768936912111390e-01  -1.015559566803560632e+00
2.706947591573868883e-01  -1.256081329002810776e+00
3.167603742829372404e-01  -1.436883393552015997e+00
2.694647565328935346e-01  -1.395968803830117899e+00
1.191603128418039920e-01  -1.344966853765866110e+00
-8.983051734435443247e-02  -1.174599380172267393e+00
-2.405644501304150529e-01  -8.507756996520329240e-01
-4.046174461089017127e-01  -6.515744483963384903e-01
-5.332378075197200529e-01  -4.515428900338381846e-01
-7.074499780387539793e-01  -3.287552664100025779e-01
-8.871810974767982971e-01  -1.788933518802971190e-01
-9.815272453666501473e-01  6.144408179769541428e-02
-1.172883168421818834e+00  1.212846926212109849e-01
-1.394976515852519583e+00  -1.997804316324608767e-02
-1.459735825756965921e+00  -1.410484498574279821e-01
-1.480477035911854866e+00  -1.261814919202074725e-01
-1.539749593523048743e+00  -2.598703076655091149e-01
-1.695125131854186673e+00  -4.259315108098489233e-01
-1.729209464571707544e+00  -4.571292103007424945e-01
-1.615268731687596659e+00  -4.242716909672488157e-01
-1.573651023572667285e+00  -3.662506737013350167e-01
-1.632092866256328101e+00  -2.414640019527294346e-01
-1.650915467227465960e+00  -8.361004032555865995e-02
-1.569624870620348167e+00  2.122133038837224761e-01
-1.479594954805754980e+00  6.345871823564717129e-01
-1.255963697188113404e+00  8.991415992048993333e-01
-1.091158456780074726e+00  1.252846643259472259e+00
-8.622509071757602506e-01  1.776853300997050633e+00
-6.668478026336909226e-01  2.136947194153835827e+00
-4.969655893917901412e-01  2.341473118977016377e+00
-2.488484786048289210e-01  2.458454152414109029e+00
3.770049353456491649e-03  2.393479712912904844e+00
3.376211027036579160e-01  2.234255666049335787e+00
4.656729042850241695e-01  2.086472163381454248e+00
7.031345439832316080e-01  1.891770625210272172e+00
1.042154788185496450e+00  1.524919772370056936e+00
1.127550515557266708e+00  1.166535076456290287e+00
1.195845949944460918e+00  8.873162467037514212e-01
1.448072554456051986e+00  5.594539705472884039e-01
1.666512602584759195e+00  3.044880187627325152e-01
1.632843588069626373e+00  -3.081430313191333564e-02
1.678454127759917203e+00  -3.504844859036174709e-01
1.729001205362852067e+00  -4.584224886745613126e-01
1.771983182764456988e+00  -4.025976600775655334e-01
1.845973275801496172e+00  -4.345637174135390524e-01
1.778161790697856182e+00  -3.637437322246491189e-01
1.619781225088219978e+00  -2.274443588756663304e-01
1.439266258941437782e+00  -9.422099392572132193e-02
1.433851210695278100e+00  1.409176981027412956e-01
1.291964444749467811e+00  1.530629076372318209e-01
1.029035883986838540e+00  5.723340622202947869e-02
8.445242789542473094e-01  7.838086793840062447e-03
6.836061277437366357e-01  -6.416018934485359648e-02
6.477415204222781719e-01  -2.659855968193318709e-01
5.889869625264344544e-01  -5.520511329843748038e-01
3.162152842901161387e-01  -7.383344968650720208e-01
1.315558292248185934e-01  -9.616017330354407200e-01
8.847775086238288123e-02  -1.135012189236156654e+00
-8.711272741599206115e-02  -1.252763800593485133e+00
-1.762186448571657904e-01  -1.499201681345796677e+00
-2.190721847609265194e-01  -1.491004658215604906e+00
-3.018179783713219599e-01  -1.266577731294132647e+00
-3.627066033593017713e-01  -1.157457386855123449e+00
-4.664907589669801680e-01  -9.865372514509536117e-01
-4.823544732918897404e-01  -7.299746297501176207e-01
-3.977745972178314826e-01  -4.523696327973956155e-01
-3.508203601925278803e-01  -5.794558409992180831e-02
-3.528200087646293781e-01  3.094825881240927945e-01
-1.976678702361267803e-01  5.915953952408988803e-01
-4.344643159284290040e-02  6.410612839509259864e-01
-3.753445754457861855e-02  7.789631966839745125e-01
-9.656901931064628894e-03  9.181197618479286504e-01
7.070024039258931969e-02  8.245247846290276739e-01
2.317943811313696589e-01  6.543960200620431156e-01
3.366017347391762615e-01  3.216120296897337916e-01
4.255050273629068514e-01  -6.890616840346741601e-02
4.540714655428043089e-01  -3.230423941972342949e-01
4.104161004861501816e-01  -7.123790661383315737e-01
4.038751252677090786e-01  -1.161088802147826504e+00
4.383673186919703757e-01  -1.322257653756212736e+00
3.474800124243996868e-01  -1.376425322170929055e+00
2.597793351676461193e-01  -1.445288933936892617e+00
1.917351445011538091e-01  -1.514362076027925719e+00
9.069903456616155990e-02  -1.416310042971503425e+00
-1.394966078783474450e-02  -1.209661100064167716e+00
-1.785571907021060722e-01  -9.264865600393942247e-01
-2.907612625694545594e-01  -7.082774309469230811e-01
-5.050158105506430406e-01  -4.508737124136214525e-01
-6.698870187763800166e-01  -1.314839275620207915e-01
-8.402930556921297534e-01  -1.397807220887617163e-01
-1.018958252102704964e+00  -1.163190601179492356e-01
-1.148890393729782078e+00  9.836875579298590133e-02
-1.211176546432659817e+00  4.468568268600525001e-02
-1.235338769961779493e+00  -1.415859808840107259e-01
-1.516072183185114275e+00  -1.131555712671323544e-01
-1.657538501683002208e+00  -1.571889470144158252e-01
-1.601274021313354279e+00  -2.518416297538045301e-01
-1.594049829672580243e+00  -4.263156413919911292e-01
-1.741749568528664804e+00  -5.157202440713887226e-01
-1.861380820605769815e+00  -3.304889293744679435e-01
-1.813179185536871518e+00  -2.163669663949725208e-01
-1.649634171782785375e+00  -5.179678413006686202e-03
-1.439084980049013307e+00  2.917884058679937054e-01
-1.430168557577291333e+00  6.386338615977097399e-01
-1.310077662260253240e+00  9.535434983397632625e-01
-9.914862611813731741e-01  1.290537505723881706e+00
-7.781833296063054295e-01  1.710814608276634896e+00
-5.630845811564776371e-01  2.066338703285246048e+00
-2.812754582106931078e-01  2.342179392265673510e+00
-7.598488457249022443e-02  2.476804669260361802e+00
1.161241223896296998e-01  2.518790161995634325e+00
3.841954834255382756e-01  2.439535285111718910e+00
5.012016220985363590e-01  2.142040537028994773e+00
6.947693326800509217e-01  1.789268564224138824e+00
9.862255414301951406e-01  1.648246282811601349e+00
1.071808660734451690e+00  1.348940309542038252e+00
1.315971350648163618e+00  8.196748985721581393e-01
1.522999171166656618e+00  4.923449813865855007e-01
1.554540606684090998e+00  2.162348586403010642e-01
1.662693754479971586e+00  -1.504836889433468217e-01
1.707919716084339345e+00  -3.408116980288263820e-01
1.628038006111711233e+00  -3.625264083823879213e-01
1.596555070515631058e+00  -4.697717363523535306e-01
1.675363494662094777e+00  -5.242647379793060614e-01
1.646573252516901897e+00  -4.013006042955003516e-01
1.549627783666837066e+00  -2.839086692736939588e-01
1.563544350759393575e+00  -2.167375371545988971e-01
1.389630206150142433e+00  -1.241092593847406278e-01
1.261374363330881820e+00  -3.625644513370551714e-03
1.123574478546318645e+00  9.073647031727152812e-02
8.203621253948686354e-01  7.380605500897190197e-02
6.654321991959468718e-01  -1.416018457626334048e-01
5.950478884688744641e-01  -4.185717391112412922e-01
5.595793142419863697e-01  -5.655802588337819348e-01
4.450635591856675344e-01  -7.551976940901905522e-01
2.109592736993491091e-01  -9.732573746418650140e-01
8.340693409076138654e-02  -1.180317767375970384e+00
-5.799542783111298616e-02  -1.305365717544603843e+00
-2.613133554151205740e-01  -1.337730187985370467e+00
-2.369836593087196464e-01  -1.398552350404055566e+00
-3.197198341694090229e-01  -1.298874970243615090e+00
-3.774815719477952469e-01  -1.100207923798916854e+00
-2.801053019815961109e-01  -8.119525333403257994e-01
-3.984773309941863073e-01  -5.833750357628220140e-01
-4.417880098934987565e-01  -2.983880097014874888e-01
-3.590105965784631259e-01  1.343614818547888556e-01
-2.220765632289042613e-01  3.342610257248549432e-01
-7.796036369253733778e-02  4.976381576308745447e-01
5.461738204317772606e-03  7.309060775164447632e-01
8.688618526780596263e-02  9.011718931231250673e-01
1.764045404765290370e-01  8.289122028776717555e-01
1.316173370576090018e-01  6.893200185721760631e-01
1.127966388585978363e-01  5.275306651350484266e-01
2.384862845282795796e-01  1.748416204288006093e-01
3.067777839756059000e-01  -2.133336714229868425e-01
4.013822408918196194e-01  -4.379098764678757694e-01
3.595529483152571926e-01  -7.497682222699756371e-01
2.405739890441138673e-01  -9.913911083942539282e-01
3.378642490516222674e-01  -1.048497340941650702e+00
4.359785625548761590e-01  -1.191763599694036557e+00
2.868807566411475940e-01  -1.394420220850439041e+00
1.354148662542970505e-01  -1.548718855378878656e+00
3.986162591207567663e-02  -1.391989639052731764e+00
-9.553115715561250054e-02  -1.122200118781562006e+00
-2.034020011784344606e-01  -9.639280379751956618e-01
-2.493700287349229494e-01  -8.563350746340501196e-01
-4.733206311866930971e-01  -5.318079353833365941e-01
-6.834701799497251429e-01  -1.812520068411065666e-01
-8.699490093840028804e-01  -7.596597724727112422e-02
-1.132636539772327255e+00  -9.722463175219672737e-02
-1.157636632944120336e+00  -5.840545606391131517e-02
-1.268773714954796850e+00  -7.080727984453694113e-03
-1.356281928269932768e+00  -3.320687688412245903e-02
-1.499554422051013747e+00  -1.198990487785458192e-01
-1.757999192506269681e+00  -1.560105979019530686e-01
-1.789278747788880075e+00  -3.027147188064463479e-01
-1.833552620241767128e+00  -4.812998963201390312e-01
-1.877766085272529084e+00  -4.081510686529338239e-01
-1.734527165066770182e+00  -2.880454243058037656e-01
-1.692671929695842570e+00  -2.367752454112120875e-01
-1.690826467376955522e+00  -5.185044387365127586e-03
-1.570053429384834720e+00  2.877715970312595961e-01
-1.360444273267665150e+00  6.007641256218489989e-01
-1.149654810525882143e+00  9.703246003481529325e-01
-9.593936669638395420e-01  1.286464016649995878e+00
-8.482322056535475108e-01  1.666444174022335023e+00
-7.532136669368232340e-01  2.078646708414574551e+00
-5.367861566654322791e-01  2.404016087344162056e+00
-2.297772712958924268e-01  2.478911672797127874e+00
9.029180858330661252e-02  2.519191145297662970e+00
2.416719691352320343e-01  2.542475309212373524e+00
3.720171955181413859e-01  2.353607945732758111e+00
5.774114598080892780e-01  2.031285595903662422e+00
9.194056170631629277e-01  1.565495430193513560e+00
1.114879691045765675e+00  1.165703025789479375e+00
1.173201594136004777e+00  7.712916071512798677e-01
1.309556801674265580e+00  4.591894168306459578e-01
1.501733035676044326e+00  1.500420295710248320e-01
1.692860485452267749e+00  -2.129697643223613379e-01
1.666756570997302900e+00  -3.650421246977086920e-01
1.720879070418334544e+00  -4.688241368573549117e-01
1.798352751697182006e+00  -5.193488156315564375e-01
1.697879063136029876e+00  -3.867721770772005740e-01
1.573204850609126737e+00  -2.003745620569972741e-01
1.493705724799784251e+00  -8.927589865242227529e-02
1.457829190010517362e+00  -1.258308541834150251e-01
1.414914369382250126e+00  -1.290753532514704038e-01
1.255266794764239968e+00  -1.934187410660843237e-02
9.757592639506340593e-01  -2.578554634041877857e-03
8.988075350852774426e-01  4.182994402952569524e-02
7.783667944102089509e-01  -1.380060502277241641e-01
5.104066443414365661e-01  -3.837437054199090425e-01
4.019680971515712242e-01  -4.651106032907669219e-01
2.961430195620953776e-01  -7.685667171522633234e-01
2.244628085718249066e-01  -1.043995148488350067e+00
1.084299551202678874e-01  -1.221601039094710517e+00
-1.431748713418723451e-01  -1.469501839350808803e+00
-2.364000765462151155e-01  -1.540133679923101573e+00
-2.188657823149378900e-01  -1.491551469990988421e+00
-2.419873191174968241e-01  -1.314480623086287103e+00
-2.407513177625589251e-01  -1.075247823354028354e+00
-2.250648695504273433e-01  -8.633933724964142353e-01
-2.391979299992271768e-01  -5.328903195726039099e-01
-2.517112855011665595e-01  -1.572368324505577508e-01
-1.832720934561490045e-01  1.576256935009271165e-01
-1.553250199127114706e-01  3.768749777306478754e-01
-1.300232454924835079e-01  5.258917274642390671e-01
-1.528676472383295841e-02  6.347996068215067123e-01
3.957722357305134414e-02  7.400357942795864341e-01
2.413518095173641798e-02  7.643751839779242552e-01
9.183601464787823077e-02  7.193918842077654530e-01
2.287017894264874174e-01  5.431655938447426113e-01
2.200883072924841588e-01  2.899902563301443026e-01
2.371044441776292977e-01  -4.397994792730283015e-02
3.804230857805903088e-01  -4.608236825178760876e-01
4.126881891919202960e-01  -7.072971907538609937e-01
4.063512730016701213e-01  -9.563668057645433596e-01
3.396052038417856633e-01  -1.234147929458026427e+00
2.947505811844888801e-01  -1.288062352714836489e+00
2.693580925100820811e-01  -1.279702055717008902e+00
5.646135523764542891e-02  -1.340853431148434138e+00
-1.703006289077500790e-02  -1.280289752025089545e+00
-8.762336432915400486e-02  -1.035656492854341915e+00
-3.116773778046451615e-01  -8.351006728510236288e-01
-3.607284135720748020e-01  -7.852816861394685821e-01
-4.243368398428471466e-01  -4.856069048944395838e-01
-7.252903257320154617e-01  -2.566391361095376467e-01
-8.748097509456255194e-01  -1.354046166844720678e-01
-1.011887612016169502e+00  1.219529983978614313e-01
-1.122809354637345436e+00  1.785972088266769287e-01
-1.290138154757218825e+00  2.854272538889414054e-02
-1.420608898104131601e+00  -5.239451945361876112e-02
-1.488244349957055901e+00  -1.155704801134384840e-01
-1.635417951996773311e+00  -3.376848207349462117e-01
-1.745676817937277248e+00  -4.520211452373270600e-01
-1.866973446972639339e+00  -5.162988226942871739e-01
-1.783356895974416600e+00  -5.829316294283337641e-01
-1.622776064592057921e+00  -3.748719936384773410e-01
-1.563180674787851165e+00  -2.162064180687583159e-01
-1.505452952641896713e+00  -2.508508428924491850e-03
-1.446689115192636876e+00  3.909097301694062776e-01
-1.406515099778793632e+00  6.013860182730363935e-01
-1.308022102074437587e+00  8.646533943767500396e-01
-1.149064896637473687e+00  1.288582178281502122e+00
-9.538275331355260400e-01  1.676439317813252616e+00
-6.316950231482416633e-01  1.905210508040851680e+00
-4.288087009814144923e-01  2.138786643081279859e+00
-3.200969618763445657e-01  2.327430559965435020e+00
2.569811746003555081e-02  2.345732067589293202e+00
2.656243448420189113e-01  2.252953372729700643e+00
4.681032837362624210e-01  2.079408247972998058e+00
7.215567430914222591e-01  1.857017034934236310e+00
1.008544833247355221e+00  1.658941288178619189e+00
1.148354825187946515e+00  1.411309305596814667e+00
1.181526441660049720e+00  8.882210746312469984e-01
1.391445977939853140e+00  3.858369981406111759e-01
1.486670027178424336e+00  6.727546702034915838e-02
1.619528162621933332e+00  -9.590396267725469215e-02
1.796609470908324013e+00  -1.608031258390918150e-01
1.838740094907868494e+00  -2.830435520424252061e-01
1.740496924261881739e+00  -3.549700386038943667e-01
1.654172176137334693e+00  -3.713702452685777589e-01
1.643439842055499867e+00  -3.262893921464485314e-01
1.648468038455536355e+00  -2.042510458569403720e-01
1.503323744179242638e+00  -1.932482324805243346e-01
1.254791415158377887e+00  -1.493687609808081462e-01
1.222342679582582914e+00  6.925667440707351796e-02
1.082623436901135383e+00  2.487581850576524659e-02
8.217937735891284179e-01  -1.952765117254638416e-01
6.394283380651717419e-01  -1.697787251880349957e-01
5.367997704648762580e-01  -1.898141476706082797e-01
3.885743743491150148e-01  -5.555359898171706723e-01
1.741254386723203318e-01  -9.210855639791576399e-01
6.155328085339425992e-02  -1.085610109246000210e+00
-1.772947368529917758e-02  -1.150941404872457330e+00
-1.750126015451235473e-01  -1.222235214989626950e+00
-2.271171942508384833e-01  -1.417575659414388900e+00
-3.201104458474865466e-01  -1.381247379586603374e+00
-4.148779855570933761e-01  -1.302300421159664934e+00
-3.423114434678475870e-01  -1.306899973361305589e+00
-3.245649055443771136e-01  -1.059060854790251360e+00
-4.100280695024353661e-01  -6.432829034678241298e-01
-3.407587730051235830e-01  -2.009790593200943554e-01
-2.124693167026313334e-01  5.960846839748629167e-02
-2.879856547150303481e-01  2.131228585952432975e-01
-1.755213850364154282e-01  5.454080022793900140e-01
8.990657315179579473e-03  7.512184885738364404e-01
-3.805586790782612694e-02  7.674940607759227484e-01
7.049558671725188186e-02  7.633307864641843965e-01
1.902823174781078652e-01  6.483471934011028059e-01
1.590094744043770714e-01  4.755541548330086132e-01
3.031296612453132089e-01  1.287480031365618172e-01
3.125698023854389662e-01  -1.875746258444323245e-01
2.658002817638647208e-01  -4.549468528029682046e-01
2.730841450585737573e-01  -6.811176162544075874e-01
2.293592446614700353e-01  -8.685870387711071006e-01
3.226451883386116659e-01  -1.240822532758811381e+00
3.288101375237289514e-01  -1.537131843541086118e+00
1.756013686942591023e-01  -1.448942358463720437e+00
1.108096779887780478e-02  -1.385029448417106179e+00
1.717473766204638541e-02  -1.419384385530665815e+00
-8.539036301058977596e-02  -1.282660366831588794e+00
-3.029987675976889006e-01  -9.357044352353198757e-01
-4.306111637366273337e-01  -6.758835415707195038e-01
-6.294487830803134898e-01  -5.895727107151996771e-01
-7.031463413385442562e-01  -3.341542480338234866e-01
-8.033917315056630093e-01  -6.953602249171599026e-02
-9.131444022816439521e-01  -3.076172974036050362e-02
-1.055257542825632777e+00  6.344355423489675926e-03
-1.368102448657025016e+00  1.260010920188258110e-01
-1.546666962105675669e+00  -2.183256270515034764e-02
-1.577552895842907477e+00  -2.876904666609494954e-01
-1.690766582263146800e+00  -2.738411158620341901e-01
-1.805855862336061657e+00  -3.339448262572882742e-01
-1.745993606024016875e+00  -4.233080907017256478e-01
-1.648533853472907262e+00  -4.446555814225744974e-01
-1.696474742204642228e+00  -4.368546504854158297e-01
-1.663302319658453987e+00  -2.308838094740800484e-01
-1.523673093543832291e+00  -7.933040442544720197e-03
-1.498342934763216894e+00  3.048098129403506995e-01
-1.400212076836094610e+00  7.342982431059063009e-01
-1.187590158044858679e+00  1.096988378652391516e+00
-1.036301761279338374e+00  1.351857532574546550e+00
-8.890845405763879716e-01  1.676697070867314343e+00
-7.256094959449317372e-01  2.078156830647999165e+00
-4.354345667886528881e-01  2.330220397881842320e+00
-8.818066150413660098e-02  2.332107151243631105e+00
5.976676789074029245e-02  2.395527828182950625e+00
2.389808318549984656e-01  2.362587632656105274e+00
4.342620571898281878e-01  2.081222921230413192e+00
5.922044417063963007e-01  1.827488434290610808e+00
9.504952654129147360e-01  1.520635389358336420e+00
1.243846574948638262e+00  1.192014595839478552e+00
1.263777093021031250e+00  7.711870415007348045e-01
1.460691647057912546e+00  3.363949553866186770e-01
1.611779360204958600e+00  9.379297209611724140e-02
1.540692962854443904e+00  -1.560031980723018685e-01
1.687585032502050053e+00  -3.983284059579124681e-01
1.729773509461851377e+00  -5.474946431360516730e-01
1.765997825769107132e+00  -5.448951464157849589e-01
1.829344427659892691e+00  -4.174898004310094723e-01
1.646036522262226853e+00  -2.433493023695845470e-01
1.486274501043626461e+00  -1.103618786460004580e-01
1.396478021856888185e+00  -1.599743877078487475e-01
1.272934353418028408e+00  -1.166993938880594578e-01
1.139022064863383754e+00  -7.459877822135672909e-02
9.705771138691102751e-01  -1.643811578147036656e-01
8.215351146900573553e-01  -1.422269347481064095e-01
8.161220776399951138e-01  -1.186382170907982342e-01
7.273305558245524161e-01  -3.710428333604047224e-01
4.959141896164712127e-01  -6.150143595874533187e-01
3.170769211074624949e-01  -8.277157574547888697e-01
9.539113202683377479e-02  -1.153551553764217807e+00
-5.556847591925510865e-02  -1.333030881947493418e+00
-1.067624458041160768e-01  -1.418636504875932847e+00
-1.816847776566303807e-01  -1.363813662294386164e+00
-3.086076614057866596e-01  -1.310519907434421372e+00
-3.973412780686903512e-01  -1.228094231142409454e+00
-4.102321986109064289e-01  -1.067965962566484794e+00
-3.800367861048311591e-01  -9.515503933482590826e-01
-3.361954804839719646e-01  -5.874543555088493907e-01
-2.794723134269653797e-01  -1.192338809615613865e-01
-2.819749914004966440e-01  1.230138615510607270e-01
-3.300093173554810022e-01  2.765134519864254070e-01
-2.771692171502231905e-01  5.843678321244375473e-01
-2.179783670449964572e-01  7.827340110262274164e-01
-8.414225945884416802e-02  7.312890651693552124e-01
8.341872173457501316e-02  7.753063239056138256e-01
9.737295957163297211e-02  7.683496086536429903e-01
5.783553551347002386e-02  5.287258868565803960e-01
2.418155693588358301e-01  2.076899774653686581e-01
4.013793028239849847e-01  -1.240969974788832947e-01
2.989349796184349595e-01  -5.502438208955516830e-01
3.660966343293229341e-01  -7.661276330768770348e-01
4.327250215832270097e-01  -1.030582015321022782e+00
3.428303080237103395e-01  -1.298330113082267090e+00
2.687693329994834124e-01  -1.340106606277231771e+00
1.413599116264580291e-01  -1.434626977905829825e+00
7.430123062955060198e-02  -1.364280716953319539e+00
-6.641871937478065202e-02  -1.231825684906068030e+00
-1.032841566021747703e-01  -1.066997713260593450e+00
-2.408423291916657050e-01  -8.067915461823950141e-01
-4.226472670475276416e-01  -6.770493962659593912e-01
-5.455919276797811523e-01  -6.029942101886687222e-01
-6.662104069459220401e-01  -3.735242240333149777e-01
-8.072932489103140652e-01  -1.604341627750276444e-01
-9.875537010829482654e-01  1.010809894769557939e-02
-1.071064453740094180e+00  -3.204557193121198308e-04
-1.303240374926724066e+00  -1.125144433593685267e-01
-1.433459209962729020e+00  -1.375413551680181867e-01
-1.449247460201217530e+00  -1.116743731170338622e-01
-1.588126096263796860e+00  -2.622795598813081885e-01
-1.650022128663791054e+00  -3.871620995811098642e-01
-1.728683884933134074e+00  -2.976307900324752787e-01
-1.857930458107184268e+00  -2.991733562602172380e-01
-1.732646672752319095e+00  -2.692466195221335234e-01
-1.605408686787438866e+00  -1.302167032506897359e-01
-1.666572459249985316e+00  9.393471113459747612e-02
-1.542392178496537980e+00  2.718290929116429777e-01
-1.258953892408413378e+00  4.966966791855237373e-01
-1.187405931383951119e+00  9.302310524111306878e-01
-1.056266802356554679e+00  1.488228676185836985e+00
-8.032548469608966624e-01  1.929621609834201834e+00
-6.220623306497933269e-01  2.040906856391861091e+00
-3.597262369598130949e-01  2.201146263011562354e+00
-2.063963758959855566e-01  2.390393689332910743e+00
9.880083901788797723e-03  2.340847429786978573e+00
2.409969201300908026e-01  2.283534874671082182e+00
4.059240748711157032e-01  2.143827935400126172e+00
7.192493096366362471e-01  1.875252390010619941e+00
9.223687396139325090e-01  1.509272485011277087e+00
1.128767978757328594e+00  1.054614512967139817e+00
1.281407855280303654e+00  6.913296822117481755e-01
1.431086813034080141e+00  4.499050601084632062e-01
1.600450519184165143e+00  1.567810516520358466e-01
1.675680041412082488e+00  -8.307669355264242494e-02
1.743822064426272522e+00  -2.476945496676663805e-01
1.782264306599793624e+00  -4.320054232666585836e-01
1.712028003431424583e+00  -4.956294202312376274e-01
1.630273246001328946e+00  -5.161985575102179258e-01
1.654986103408524922e+00  -4.864417060366411083e-01
1.522238444653354783e+00  -2.342038174707514187e-01
1.457825430088256269e+00  -1.335359364319551601e-01
1.480882520622521792e+00  -1.395867584054437949e-01
1.308168245645780825e+00  8.533221627850281002e-03
1.142602768230897459e+00  -1.446502349063944273e-02
9.257883715128130131e-01  -1.861012756801642964e-02
6.218417174343309206e-01  -1.121205496712927852e-01
5.745947183533162139e-01  -4.070108420297907093e-01
5.421158496284179673e-01  -6.599975622707351386e-01
3.155630229697579114e-01  -9.277162234756812786e-01
2.085259386852031660e-01  -1.113817110693801071e+00
2.987718179415565362e-02  -1.176126792105567365e+00
-1.589767277749054575e-01  -1.373738443990290214e+00
-2.022955389437409435e-01  -1.591555299550690084e+00
-3.180754349124104152e-01  -1.439286071893912000e+00
-3.613271241587640015e-01  -1.311086927262641089e+00
-3.088006499875125543e-01  -1.220327753762071143e+00
-3.167684816448187446e-01  -8.534924888066571791e-01
-2.930026585430010044e-01  -5.475777454586707726e-01
-3.366037908630526432e-01  -2.993783810053651240e-01
-4.084108478844103995e-01  -2.065328391285128559e-02
-2.933677714267054482e-01  3.681212750293466063e-01
-1.123624026186592351e-01  7.214443774335626003e-01
-9.218473320137160476e-02  7.483891334074826984e-01
-5.932656803381736177e-02  8.153451095458275066e-01
1.171371943466844867e-01  8.897391749523335669e-01
1.238687796617125442e-01  6.833762031382827340e-01
1.382606390347519976e-01  3.559784287292494520e-01
2.614177008243952494e-01  2.863958141701258495e-02
4.010527874552908822e-01  -1.723320798310674362e-01
4.586588401139652937e-01  -4.868691699587170962e-01
4.724589845500115071e-01  -7.505590896173538473e-01
4.701458321959714470e-01  -9.461342683044606794e-01
3.141667370556772143e-01  -1.163464062067562255e+00
3.021320492924370882e-01  -1.200566582772446322e+00
2.338771013850751146e-01  -1.346012374689261604e+00
6.639833493492437733e-02  -1.489779223478910897e+00
-6.704389042423396228e-02  -1.268070705386760366e+00
-1.018706441203918039e-01  -9.880498117365373867e-01
-1.594896035490174224e-01  -8.828889973843450090e-01
-3.963377023395238674e-01  -7.584409728163628017e-01
-4.832835991992154856e-01  -5.633925355936211243e-01
-6.396101262347803074e-01  -2.136597660878914173e-01
-8.950912863224589344e-01  7.506452070423439045e-03
-1.012100363004500014e+00  -2.128811629407830613e-02
-1.107024427273630929e+00  1.817367907082967707e-02
-1.265366325159299699e+00  1.192536627590357473e-01
-1.409930691813866099e+00  9.579881952883449736e-02
-1.569219227307241837e+00  -1.571123919090303411e-01
-1.619307959275010367e+00  -3.698133442262303561e-01
-1.573423935416742747e+00  -4.230051060267228658e-01
-1.596443916503243576e+00  -4.658119951418235316e-01
-1.638391454096525868e+00  -4.808922297865151907e-01
-1.762185897621674879e+00  -3.688218496243830247e-01
-1.816471000592530194e+00  -2.484782690587095944e-01
-1.720191068598973416e+00  -6.429479978662219763e-02
-1.585674763314814495e+00  2.532448625394086439e-01
-1.482252041142930743e+00  6.458526302582505707e-01
-1.277470268443527734e+00  1.036282360121182800e+00
-1.065648023838797753e+00  1.283135136852294522e+00
-9.182087131962642923e-01  1.748977333392380595e+00
-7.197110581584634792e-01  2.233257100921296701e+00
-5.232716390714006183e-01  2.463356999325249763e+00
-2.996062434679115927e-01  2.396394301311767450e+00
3.136570340648622834e-02  2.245666533546020194e+00
3.700587853065782085e-01  2.262378635434109775e+00
4.902097721920589124e-01  2.248894179695562823e+00
6.231097231727857899e-01  1.908449796403715260e+00
8.731976785649401274e-01  1.440656320893986431e+00
1.080699584697401017e+00  1.221294489832330132e+00
1.236286459059853460e+00  9.574777276901774714e-01
1.444679348176360456e+00  5.637469931611115426e-01
1.607898986852897227e+00  1.548907339617261458e-01
1.635342016473829485e+00  -5.740774314424786084e-02
1.679183391996368346e+00  -2.578851485963513102e-01
1.753052112892814263e+00  -3.983146911506186827e-01
1.684316346387282559e+00  -3.792542979643823142e-01
1.594097198618425582e+00  -4.594876713336249474e-01
1.559796489518339380e+00  -4.198063809287604364e-01
1.524563646527937300e+00  -2.143267544748956865e-01
1.502661356920605762e+00  -8.999451146039602611e-02
1.430048574760429902e+00  -4.768133579179960335e-02
1.214660702033469430e+00  1.024600079849289358e-01
9.606415331812400149e-01  1.914355971364763709e-01
8.733313101026032310e-01  1.194353645277809045e-01
6.867194611170569507e-01  -1.592987014869839679e-01
5.033421777912545636e-01  -4.476940101072577893e-01
3.494332285052700326e-01  -6.749781518300717043e-01
1.412808274814609244e-01  -8.273503392988926786e-01
1.820720477636008847e-02  -8.891990445106341401e-01
-1.589841689107440725e-02  -1.132794120771549062e+00
-4.588952549553573790e-02  -1.300386594739274315e+00
-2.171748279926032921e-01  -1.267554375930811439e+00
-2.393815797059257178e-01  -1.290775151410676225e+00
-2.436045406689643644e-01  -1.199899218353942310e+00
-4.174568097725042670e-01  -1.115026976992446350e+00
-3.526706546936124176e-01  -8.928836569975243664e-01
-2.521849513116222741e-01  -6.003267787143909962e-01
-3.119445538100013016e-01  -3.640526251814464875e-01
-2.873638588778170688e-01  -1.152027403430984018e-02
-1.825751482943287485e-01  2.163363054665438934e-01
-1.793504637751821285e-01  4.625297258175395387e-01
-1.877858052880163331e-01  7.004495388918551280e-01
2.772402327583628392e-03  8.053660631018396687e-01
1.326550333040937280e-01  7.239591445300913586e-01
1.398155308573038325e-01  5.402847887569454111e-01
2.474942957525854415e-01  3.065510500248642134e-01
2.861975929149657150e-01  1.086440262808092833e-01
2.531264145033698121e-01  -1.418486540885868785e-01
3.712879311283990846e-01  -5.427709603474605293e-01
3.747768534771145355e-01  -9.047751235375978140e-01
3.407185738849643486e-01  -1.039722272040235929e+00
3.303149412591773748e-01  -1.107306339601612954e+00
2.233497706773249769e-01  -1.315448252569062282e+00
2.124310237179142524e-01  -1.492366425298332855e+00
1.711098849526047627e-01  -1.500951703181570673e+00
1.010407220526870070e-01  -1.393433541743307247e+00
-9.295117845933252576e-02  -1.120208334676996653e+00
-2.991380690635392914e-01  -8.013211236154089701e-01
-3.093944638037384731e-01  -6.347181665600393208e-01
-4.480993575304058618e-01  -4.604280455090705715e-01
-6.212012884310867955e-01  -1.931433571016884232e-01
-7.412551076965959718e-01  2.548279504294007070e-02
-9.649960198566152059e-01  9.888170468541454539e-02
-1.216126970460679635e+00  1.524789633126114319e-01
-1.327471206860503017e+00  -1.316068407249428897e-02
-1.341064441549312702e+00  -1.514694304551482684e-01
-1.397650199237151725e+00  -2.297900156600116151e-01
-1.464491110037071442e+00  -4.060946624498070201e-01
-1.668313023758645430e+00  -4.607886982200220527e-01
-1.860529586703812077e+00  -3.900466821952104923e-01
-1.768900398133847363e+00  -2.729271834913190586e-01
-1.601826654142108453e+00  -2.277861827947808560e-01
-1.574122580187414355e+00  -1.717350404917080131e-01
-1.661509794062924650e+00  -6.318109225380487415e-02
-1.513671533041537787e+00  1.988365130284310556e-01
-1.283286421763854879e+00  6.073323133163062160e-01
-1.126734674371270950e+00  1.046735748813877986e+00
-9.584350024958601111e-01  1.358766420643334083e+00
-7.707642431660238769e-01  1.734534933832101666e+00
-6.403287921800107085e-01  2.113626147532122523e+00
-5.482383461025593929e-01  2.372669307428144858e+00
-1.657962991935547359e-01  2.584590201425671641e+00
1.782756815731724453e-01  2.522569092501420585e+00
3.415152923590203948e-01  2.286824953967179219e+00
6.089586842523048160e-01  2.124399819093338415e+00
7.548466534541168338e-01  1.903733125904715218e+00
8.999914724490662987e-01  1.608290599728180004e+00
1.134442367937648743e+00  1.320836440258429834e+00
1.218913708674701057e+00  8.883354229126210200e-01
1.315475194116568991e+00  3.852733353920905768e-01
1.441389045800792745e+00  6.897269271491637821e-02
1.595750726962977373e+00  -7.694300150084593115e-02
1.631284289212921790e+00  -3.377888827402201755e-01
1.696443602113151039e+00  -3.761718582412343359e-01
1.774676803208951492e+00  -2.993123445631377666e-01
1.692319732509834695e+00  -2.981299273154028873e-01
1.694542905078522566e+00  -2.611147705896730842e-01
1.601128261470985414e+00  -2.971989676819626336e-01
1.410931564192683174e+00  -2.370890779943660986e-01
1.297916922940148599e+00  -3.571755660434304536e-02
1.131470885921632474e+00  1.152149838226612100e-01
1.069741470614595791e+00  -6.680247978783943920e-03
1.052010287805061894e+00  -1.282587221890615359e-01
8.448806476310456448e-01  -2.515409502550835508e-01
5.328294872486917244e-01  -4.834528873288720940e-01
3.785932531496964404e-01  -5.949068762677898192e-01
3.224559423306448958e-01  -7.042158940183742555e-01
1.759714136549875296e-01  -9.797852700738950427e-01
-3.219567796877850080e-02  -1.202270142684020326e+00
-1.739533942627771723e-01  -1.337972190231290881e+00
-2.677687403723089665e-01  -1.370781405619136528e+00
-2.667270042521165396e-01  -1.359451928172538793e+00
-2.802126654812570616e-01  -1.362775634088667198e+00
-3.043900169260286281e-01  -1.232528442451018336e+00
-2.231561450491653942e-01  -9.171195463859667107e-01
-3.429198603927388067e-01  -5.098173212416127198e-01
-3.555142238781301978e-01  -1.852787917728024591e-01
-2.149492418714953890e-01  2.392016045813536579e-02
-2.441698301006972327e-01  2.184029397870100864e-01
-2.973013983239843894e-01  6.124038829749719470e-01
-1.180892231465865000e-01  8.308692349161613810e-01
9.029817452625280016e-02  7.486927765496911302e-01
4.861713437233889518e-02  6.191948004418579288e-01
-2.073692213830594263e-04  4.639811701373441899e-01
7.030690036470857440e-02  4.192037859769003338e-01
1.606540483771253802e-01  2.285274248464318481e-01
2.887412121339683613e-01  -1.341429713823061587e-01
2.828824913641525551e-01  -4.238060658095840205e-01
2.708825013292877615e-01  -8.188741482763847168e-01
2.905549727135937621e-01  -1.029506025595289920e+00
2.890512355677120060e-01  -1.070887970254458699e+00
3.508026865379220705e-01  -1.375386111119364596e+00
1.920253008271492479e-01  -1.583118420529158632e+00
5.011676146866170939e-02  -1.449912820361873189e+00
-5.248966536074416850e-02  -1.256512126778559946e+00
-2.248821643523299940e-01  -1.077106779016031579e+00
-3.693529660305469586e-01  -8.860180054855552045e-01
-3.886837942238564048e-01  -7.353760715097843459e-01
-3.905487618215786050e-01  -4.003714267813359706e-01
-6.861185044070877703e-01  -4.946602243651912478e-02
-9.567537893888582445e-01  3.526074924458673376e-02
-1.007597826414010855e+00  1.454735460634245386e-02
-1.179685443566980574e+00  -8.563866819914503492e-02
-1.378252301729834706e+00  -6.613969200704204743e-02
-1.492891315866334834e+00  -2.869805933244964913e-02
-1.590370015654677616e+00  -1.813892902147261343e-01
-1.703096321383386513e+00  -3.128808712559441596e-01
-1.684188076062988371e+00  -3.578201015275934149e-01
-1.678688495981145667e+00  -3.754272685372075924e-01
-1.767842565292079504e+00  -3.265478424588615369e-01
-1.632902872602646660e+00  -2.825441047448152831e-01
-1.557340605564124347e+00  -1.711140197438774935e-01
-1.519525440766318569e+00  -1.688768046644725102e-02
-1.497896708796667253e+00  1.759055635269477225e-01
-1.402151546608658039e+00  5.393759702566565117e-01
-1.222786204737147164e+00  1.105462380674782308e+00
-9.987536848924049027e-01  1.460487493399097891e+00
-8.106119005580131320e-01  1.744540324726548519e+00
-5.698757156578948546e-01  2.040964853652834865e+00
-2.428542548434240167e-01  2.124539465987563158e+00
-8.805185683901582683e-02  2.412832262206770828e+00
1.615921110765737301e-01  2.570730506352382427e+00
4.332623290502064517e-01  2.297848455974951243e+00
5.963620647065720481e-01  2.026604394226628969e+00
7.215277117530917161e-01  1.858538040983506834e+00
9.513266465512727477e-01  1.561553510412396761e+00
1.200786842392633558e+00  1.138100308421596818e+00
1.263012763924381998e+00  8.341679152472922798e-01
1.412447106220249049e+00  4.844077355119293382e-01
1.643488688182995316e+00  1.039430660363394598e-01
1.660281878247205745e+00  -2.081075583050947253e-01
1.680374377280539955e+00  -3.934559718450980070e-01
1.815876325240890488e+00  -3.318325920139787444e-01
1.881654391046478025e+00  -4.482333230768830168e-01
1.783834798231897167e+00  -4.892643782436461031e-01
1.718765027803608403e+00  -3.772840740970770379e-01
1.607104384580783529e+00  -2.527125774900175204e-01
1.493207119852327791e+00  -4.307341517565850542e-02
1.417707343776048345e+00  4.655746228547268800e-02
1.222988784807858220e+00  -5.040691951277232602e-02
1.031392653425674544e+00  -4.099483160764911920e-03
9.454260926112771912e-01  3.407486457064864277e-02
8.789685182866315838e-01  -1.433194307057959749e-01
5.952504085900143238e-01  -2.914748407263073604e-01
4.462772801024514346e-01  -5.285292461024027055e-01
4.077590839358429253e-01  -7.657891990989313946e-01
2.663316255803120924e-01  -9.500225686482932641e-01
1.430871280117597399e-02  -1.100184930279852757e+00
-1.049335748392464934e-01  -1.348403179814442243e+00
-1.239071074883436041e-01  -1.491555609663607562e+00
-2.275967363322736747e-01  -1.393664926860537445e+00
-3.641631907532252854e-01  -1.209959464621935599e+00
-3.371543372858740173e-01  -9.663989485010149316e-01
-3.233062387435775009e-01  -7.211465611171244960e-01
-4.253261795632119480e-01  -4.654265860422382439e-01
-3.998954779874254739e-01  -1.287029808392614882e-01
-3.559451473301709634e-01  1.637005938018820661e-01
-1.797441186557222625e-01  3.306125018654137993e-01
-9.157057999221350497e-02  5.055646720249654669e-01
-1.580042472061811143e-01  7.659951574354730841e-01
-1.191804873373496776e-01  9.098868147624827873e-01
3.665331101195303670e-02  7.623168987500125171e-01
1.501406039151362004e-01  5.418105020124752702e-01
1.640437395146496502e-01  2.774116939354455136e-01
2.354269737764012882e-01  4.933850563992777521e-02
2.435926208035796292e-01  -2.086476270005862832e-01
3.016677048819321749e-01  -4.592374344975148626e-01
4.548331715868111913e-01  -8.050622225356562911e-01
3.290712449347348856e-01  -1.135814311183686254e+00
2.127423240367850577e-01  -1.254880474401634416e+00
2.566245010146949723e-01  -1.355110245084406362e+00
2.337411437014684512e-01  -1.401775018015316121e+00
1.292074193363649537e-01  -1.375371888268840381e+00
-6.671977110166790736e-02  -1.254649356916909486e+00
-2.055741939616868852e-01  -1.025227144042289762e+00
-3.353402447179513191e-01  -8.410380182929085846e-01
-4.364577647753757894e-01  -7.402411638293070473e-01
-5.994876851084062208e-01  -5.307366313228825128e-01
-7.917348011050785450e-01  -2.590429837634069532e-01
-9.383338638414439048e-01  -4.623380485037890952e-02
-1.080144571069838744e+00  -2.063369972655973439e-02
-1.216257559205718097e+00  -3.326237524036109588e-02
-1.419940389973550765e+00  -9.681884412032827625e-02
-1.456466842247805094e+00  -2.523183738704601331e-01
-1.502814589519199551e+00  -2.310465274833227445e-01
-1.620164949120112219e+00  -3.209470518786157189e-01
-1.774459433754233428e+00  -3.708514461014690289e-01
-1.816114419203661567e+00  -4.116543666887304553e-01
-1.745055217976702044e+00  -4.082579199754630683e-01
-1.709336365649029466e+00  -2.443366710670604458e-01
-1.721062485112121232e+00  -1.065528257028266063e-01
-1.678098872536940345e+00  1.948803555024437029e-01
-1.567929965490121758e+00  3.745475880382389544e-01
-1.387298088511904393e+00  6.846499165010075938e-01
-1.234088585260511683e+00  1.207850016119902170e+00
-1.123193005841082615e+00  1.546757780419975914e+00
-9.235432604482013419e-01  1.876442129463777642e+00
-5.970814402761934758e-01  2.090791259608389741e+00
-3.063868849341597200e-01  2.152578480736187849e+00
-6.725111500117764152e-02  2.294970517838486046e+00
1.985686719863636873e-01  2.402189772292473879e+00
2.867021439058383692e-01  2.300048674001348825e+00
5.503787693366433142e-01  2.080255156196199273e+00
9.054110328967154286e-01  1.749969680462215571e+00
1.053042632549307633e+00  1.440255395409578254e+00
1.107055179975447778e+00  1.121243619905489597e+00
1.201494525498271848e+00  8.211011021161722656e-01
1.458375521707468758e+00  3.968235204452034703e-01
1.644503509029660471e+00  -1.825952836470430204e-02
1.665540401891356659e+00  -2.353918715648701532e-01
1.776771433505235809e+00  -3.424689608697201737e-01
1.845375509538955461e+00  -3.006769474673897102e-01
1.726229235192379141e+00  -4.266193815136964385e-01
1.632790229866989629e+00  -5.305055912454968992e-01
1.638082681574219768e+00  -3.263584503636187684e-01
1.560133603032987093e+00  -1.352757205677146690e-01
1.501424008963006207e+00  -2.137569563201924521e-03
1.423297192053241789e+00  1.719816202127331661e-01
1.168764395538260947e+00  1.932340373799247002e-01
1.022029864892418871e+00  7.023664214292304163e-03
9.210514679896288914e-01  -2.194914608947650669e-01
7.903115900392785331e-01  -3.644260822339003281e-01
5.793155323579332050e-01  -3.864977648288105416e-01
3.267568159522102333e-01  -5.707735959525634950e-01
2.652742197912585920e-01  -8.250562873367812688e-01
1.150346943963787699e-01  -9.492989579846050630e-01
-2.160760072106257014e-03  -1.246683656574337995e+00
-1.165352058845660899e-01  -1.498471912891616409e+00
-3.221163204808547564e-01  -1.561042113321174929e+00
-3.627393774607153842e-01  -1.488460518419864931e+00
-4.323724228897335431e-01  -1.372406618820251056e+00
-4.035561925808526240e-01  -1.063640226000359457e+00
-2.890041309520802182e-01  -7.025060190035865570e-01
-3.796165660976392187e-01  -5.462673817333554283e-01
-4.116546126729788146e-01  -3.416673813258966907e-01
-3.639275643531784121e-01  5.748629703074663311e-02
-3.447900047161637782e-01  4.744101314963741767e-01
-2.892631919912534988e-01  7.169712998213101374e-01
-1.029468680404756892e-01  7.149900538392889304e-01
6.920686472978473773e-03  7.194125339046076872e-01
2.722270105978399912e-02  6.849459662921753011e-01
7.321304444075012186e-02  4.890326443668507328e-01
8.835421016468104904e-02  3.596559319519859743e-01
1.697440643547049877e-01  2.297821353271953249e-01
2.136861753871909242e-01  -1.864488501161911116e-01
2.649646508718655480e-01  -6.055400101681734926e-01
3.812329556035248257e-01  -7.793980375233422464e-01
4.327334160556605136e-01  -9.828143809497449368e-01
3.430971515555728546e-01  -1.175916198397548129e+00
1.822387244742175172e-01  -1.279012594482517251e+00
1.494284260692008703e-01  -1.291143502325026171e+00
6.688889492750593746e-02  -1.204953016945228939e+00
-1.072749891124637062e-01  -1.232352036769026382e+00
-1.811283723972411108e-01  -1.214228317766447462e+00
-1.776153505244624786e-01  -1.006096433265102341e+00
-2.572672756127239446e-01  -6.620997234305413537e-01
-5.321494112039947266e-01  -4.020388789612263092e-01
-6.504800444313928454e-01  -2.671118182346979841e-01
-8.036744200105332414e-01  -4.741124334014261421e-02
-1.008172070005674215e+00  -5.603052935462574796e-02
-1.171879995119207374e+00  -1.482194298083949202e-01
-1.437290142614290112e+00  -1.305769104505458966e-01
-1.577868050624604557e+00  -8.614933126364963945e-02
-1.640854583160708424e+00  -1.209056141212005997e-01
-1.724058827429946872e+00  -2.629197969988966155e-01
-1.695073211289824133e+00  -3.927517711742448681e-01
-1.702284011725709645e+00  -3.521963753941779185e-01
-1.770063273803346826e+00  -3.692466790715959180e-01
-1.698398473793090613e+00  -4.146383041294154914e-01
-1.682472452092194093e+00  -1.621328801051814261e-01
-1.610361744484452684e+00  1.947199232730839891e-01
-1.497777015704167436e+00  4.550233919291916673e-01
-1.355370011394110508e+00  6.702366318762584818e-01
-1.213031825219482496e+00  1.013984247702685915e+00
-1.056961473639299376e+00  1.544071210058611587e+00
-8.666316168539153209e-01  1.962249115577072933e+00
-6.451257697462466911e-01  2.090927787695329609e+00
-3.394282797714664457e-01  2.302113622811410298e+00
-3.452081015281391330e-02  2.510687776499771484e+00
1.128193567794919250e-01  2.422481669124822545e+00
3.513100010504208170e-01  2.253972955657720156e+00
7.150217141891791472e-01  2.046416079557817902e+00
8.886970493263313120e-01  1.837423701880618321e+00
1.100894882831335853e+00  1.463080113603733690e+00
1.279008658432936762e+00  1.006749730283759803e+00
1.338357746930399994e+00  7.333750511454572019e-01
1.426792515375173043e+00  3.395936996067731029e-01
1.542101491149859394e+00  -8.380357782062068661e-02
1.581449004711636519e+00  -3.152052585206021051e-01
1.636119042494538878e+00  -4.618459387618326639e-01
1.674950234937989668e+00  -4.829900515482444256e-01
1.711592183159316383e+00  -5.120865779209562429e-01
1.771874752448836077e+00  -4.884809880511620794e-01
1.648886142571160951e+00  -3.080203699911368553e-01
1.559923213158205035e+00  -1.936569259104418406e-01
1.493038545510890991e+00  -1.438894859817701488e-01
1.299464469285292356e+00  -3.242699295519119174e-02
1.182296594555743763e+00  1.582992071670104306e-02
1.087916973080631955e+00  -1.157207618442173819e-01
9.820997654622479756e-01  -1.779300423054869240e-01
8.101701242147355542e-01  -2.304129348297932478e-01
5.771512093126367482e-01  -4.797637807296016299e-01
3.729468983693253192e-01  -6.394625183436020155e-01
2.150090960285517272e-01  -7.780970493753026629e-01
1.398092348084691017e-01  -1.034880192608849558e+00
1.194904029202828281e-02  -1.133724954471964752e+00
-1.719623851953447358e-01  -1.212071836128087554e+00
-2.441919185223244693e-01  -1.272798798884232641e+00
-2.134596358456819776e-01  -1.345645490229290475e+00
-2.336722653291055107e-01  -1.357948288338857390e+00
-3.308496528659402580e-01  -1.028586386332751346e+00
-2.865607571213251159e-01  -8.037354706889586753e-01
-2.764926115126263850e-01  -5.021785270999720163e-01
-3.361292854277925235e-01  -1.037182402392756997e-01
-2.029315706490993354e-01  1.947217442558596412e-01
-1.086621109887210418e-01  5.534459977860449742e-01
-8.157912264978432748e-02  7.050009538842222367e-01
-1.067784828140567882e-01  8.238613407870297722e-01
-9.281576290902722459e-02  8.667283966328532818e-01
1.266282630110312779e-01  7.693627602524230058e-01
1.854955708499610167e-01  6.439223885663745151e-01
1.811677646602092573e-01  4.873745872303952842e-01
3.595452708802794328e-01  1.692555521956578823e-01
4.468211458562567628e-01  -2.115176421184478128e-01
3.247389614386507195e-01  -5.572348813086496211e-01
3.753933152676680596e-01  -8.716894696228444372e-01
5.173669828925443470e-01  -1.060312388241130943e+00
3.300882343736168401e-01  -1.290142132048357482e+00
2.820994141819742618e-01  -1.342023558993576504e+00
3.440038395467368559e-01  -1.292065239409417421e+00
1.510946512159860033e-01  -1.394158415459090028e+00
-6.077542522131065134e-02  -1.327638407100557139e+00
-1.572051503589295962e-01  -1.114513350002704239e+00
-2.209391460428943854e-01  -9.585832762477902724e-01
-4.068340954406031718e-01  -6.527501242123013858e-01
-5.192270810314857377e-01  -4.048087451375649848e-01
-5.824864839019373575e-01  -2.986107395686098398e-01
-7.869034582691956103e-01  -8.475739547932102658e-02
-1.045039291213349930e+00  -4.997591063166163111e-02
-1.261519949911988903e+00  -7.930644105508345698e-02
-1.312498982621214116e+00  -7.888331938380292035e-03
-1.368931608754240026e+00  3.807037239502956299e-04
-1.513984559218578996e+00  -3.700269927385933799e-02
-1.579251615295927058e+00  -1.415190922953966923e-01
-1.672444473218596794e+00  -2.901053561261082159e-01
-1.769395443990162242e+00  -3.501298188521171362e-01
-1.741365897060541457e+00  -2.951070928048872832e-01
-1.698081220571872052e+00  -1.839275353947809333e-01
-1.654658529587656801e+00  -7.129891654016674851e-02
-1.617876559203992315e+00  5.978439740236421440e-02
-1.455233948551986511e+00  4.142489080796652456e-01
-1.199344553483262299e+00  8.921291723238018445e-01
-1.047081140175646796e+00  1.279824562626218132e+00
-9.571787665638219478e-01  1.558356451551421662e+00
-8.088624814589583378e-01  1.880571620587341064e+00
-5.191360518130104795e-01  2.216809899972485010e+00
-3.339535249060409106e-01  2.446396752512226769e+00
-2.169772922654195357e-01  2.538969124829491442e+00
1.184684221306671059e-01  2.421859853948711283e+00
4.473330771160715646e-01  2.194707978820361394e+00
5.699585850889524741e-01  2.098064674520446982e+00
8.428343390422059489e-01  1.865993138191102574e+00
1.072226240321064727e+00  1.513647544454378879e+00
1.090563024213633492e+00  1.093177679034760708e+00
1.267353879025251651e+00  6.824465798792427318e-01
1.521848077703633839e+00  3.215150962216056230e-01
1.665383527481511416e+00  6.585894572057763262e-03
1.746988581198046120e+00  -6.826323872434177098e-02
1.771897662841665166e+00  -3.435451464352084483e-01
1.743732696792652748e+00  -5.656414139219582138e-01
1.703187254929525274e+00  -5.209189471645829794e-01
1.645221772963618267e+00  -3.457219445847654060e-01
1.599981645314831891e+00  -3.152737742940404653e-01
1.557504935986855577e+00  -3.470973760331288460e-01
1.416373894976480585e+00  -1.091654172770067516e-01
1.324553282914183727e+00  3.768755181389079473e-02
1.204264729463650374e+00  1.183737267772636687e-01
1.034089561880570773e+00  4.104781293521884283e-02
8.222921686770022776e-01  -1.418977795441973833e-01
7.060194216682713630e-01  -2.168006292122493517e-01
6.342664921915710519e-01  -4.911395864951975110e-01
3.655660773611765779e-01  -7.117876639151763385e-01
1.951322158921717231e-01  -9.217918179289953384e-01
1.045612290380615733e-01  -1.074766468768094674e+00
1.910730635113432789e-03  -1.117659830789494046e+00
-6.018816976926725376e-02  -1.388315607217621928e+00
-1.452856084688620153e-01  -1.429472679617220354e+00
-2.322833420580574237e-01  -1.360012406269719865e+00
-2.922827855700889654e-01  -1.396365545013448006e+00
-3.928630157438504078e-01  -1.059221325690222981e+00
-3.781376105857378600e-01  -7.443875851892135520e-01
-2.872808747109281136e-01  -5.578834674741341981e-01
-2.521651715269321303e-01  -1.687306279975665790e-01
-2.737071576172295240e-01  2.179469614828868640e-01
-3.275166605233078010e-01  5.211098731002674622e-01
-2.257497296475589332e-01  6.381490590015783670e-01
-1.184039683995164738e-01  6.902151999213186340e-01
-1.121456293336743487e-01  7.166340861610248636e-01
6.741392542214434680e-02  7.608080578358947799e-01
1.884574692729165668e-01  6.388754978177747512e-01
1.824222691629459325e-01  3.220584192450867134e-01
2.032555226028539552e-01  5.070343801988032306e-02
2.437046538134284013e-01  -2.230953923617190193e-01
2.647437327390955164e-01  -5.712878233957268126e-01
3.669136047395649136e-01  -9.266132863357882110e-01
4.639019910520135737e-01  -1.082194852983495048e+00
4.305362494386843486e-01  -1.333370175917727884e+00
4.247612648780988986e-01  -1.543499735197900957e+00
3.140543542782296971e-01  -1.476988453661584044e+00
5.794183229827630510e-02  -1.354910749108888979e+00
-1.281520520366710159e-01  -1.140003155496599918e+00
-1.524800692872349539e-01  -9.084134000263470732e-01
-1.575483499800083287e-01  -8.317061244865420200e-01
-3.796754856406214795e-01  -7.497012948711234692e-01
-6.883370074544271633e-01  -5.130387296441423217e-01
-8.426812697359213900e-01  -2.152092668066498959e-01
-9.666436019624624620e-01  -8.080765164618711194e-03
-9.995045128994637373e-01  -3.904819934290641031e-02
-1.112730453642021500e+00  -1.440133452442744766e-01
-1.407676651688288150e+00  -3.404735385308418211e-02
-1.544266348648784870e+00  1.833258087689612625e-02
-1.610204777651133012e+00  -1.899399249118306210e-01
-1.637600526372297916e+00  -2.650552570075027092e-01
-1.650385879381336851e+00  -3.235022854459608799e-01
-1.722699007324703491e+00  -4.454114065254244359e-01
-1.733581360044531117e+00  -3.632975172123151797e-01
-1.730769410490567761e+00  -1.935788601251412777e-01
-1.620796430226566276e+00  -7.831765844417361289e-02
-1.569231215868547524e+00  1.495946133472318418e-01
-1.534095418072460415e+00  4.618666308700368761e-01
-1.386173263385094279e+00  7.194419006745852441e-01
-1.200344159214713713e+00  1.198393275173552874e+00
-9.251084355260923431e-01  1.679766764353629149e+00
-7.704709389988037005e-01  1.923229157538464129e+00
-6.348118369888661183e-01  2.076167874929275126e+00
-2.923126214525786914e-01  2.288011109874670712e+00
-5.223231791671336527e-02  2.409340257425636622e+00
1.178244681609149219e-01  2.431414496977701400e+00
4.485982847703974263e-01  2.270088231298796000e+00
6.622845176294541725e-01  2.093904906290755097e+00
7.599115589480670563e-01  1.794982637423194527e+00
9.442294585861009670e-01  1.429917672156854946e+00
1.179404459130543259e+00  1.114161108006335832e+00
1.407830507857662949e+00  6.528277290876512984e-01
1.482083072330821150e+00  2.477333926696073663e-01
1.596230216539563651e+00  -9.338052056260377765e-03
1.656829717223055276e+00  -2.415142508855234738e-01
1.685445368962487533e+00  -3.445181999222358682e-01
1.850020002429134669e+00  -4.325857839944638461e-01
1.750091263901607075e+00  -4.782977500705936080e-01
1.726347983813112608e+00  -2.917206804396012543e-01
1.705266932017508452e+00  -2.843143211441573892e-01
1.496721908192774064e+00  -3.016272785319857874e-01
1.448595783593672026e+00  -7.144156582426169910e-02
1.350279002700797815e+00  1.488753032738171223e-01
1.182275887934725045e+00  1.699048547980412383e-01
9.728895841544622503e-01  2.098637508783401592e-02
7.883753381800773230e-01  -6.604244853706632556e-02
7.757405056716786262e-01  -1.160326184190016430e-01
7.084402348723306542e-01  -3.871482492677688625e-01
5.024794391404063809e-01  -6.395776024285331207e-01
2.918688864618981804e-01  -8.631123545347757497e-01
1.607626011795666165e-01  -1.045457847126842754e+00
-5.216905369572410849e-03  -1.191850093897680374e+00
-8.963939995105997538e-02  -1.334728884276174421e+00
-2.435866845783390411e-01  -1.397415106631010540e+00
-3.879216160563481730e-01  -1.428041362037178352e+00
-3.252965134644020817e-01  -1.324193947180430486e+00
-3.947959097410641549e-01  -1.070081063678604005e+00
-4.703326221194438217e-01  -7.518496367106539680e-01
-3.896307760695492117e-01  -3.947675170988570459e-01
-2.551015013029568346e-01  -1.933803826685381311e-01
-1.457113902815926065e-01  2.181854182573515419e-02
-8.621602556998818334e-02  3.892109354963388945e-01
-1.589263951638038297e-01  6.433712784257642481e-01
-6.390257492220256796e-02  6.737863818682592321e-01
1.185780417002926662e-01  6.590184494464323972e-01
1.807223781239370997e-01  7.037536044299941285e-01
1.733006858863614663e-01  6.821322050372589096e-01
1.304747257473265476e-01  5.130182580355640010e-01
3.060304537858323792e-01  1.896019399825257246e-01
3.741284223678967291e-01  -2.450456370555281205e-01
2.849670479697693493e-01  -6.435530150902798452e-01
3.210686981161935405e-01  -8.550552785617253626e-01
3.208268458219296071e-01  -1.052765239269520148e+00
2.736328027854979528e-01  -1.209555199741191744e+00
2.016488466528829071e-01  -1.348590295661993510e+00
1.237387505935583776e-01  -1.449927207024855669e+00
1.508576783172495828e-01  -1.289684538248101253e+00
1.445350330564613706e-01  -1.132767572532964007e+00
4.049415984802934992e-02  -1.054097124265793051e+00
-2.029941979810214459e-01  -9.474709573599232604e-01
-4.320784541466655693e-01  -7.392807792724621629e-01
-5.219272421543276197e-01  -4.792372719982701534e-01
-7.055371961979081119e-01  -2.467516573113133493e-01
-8.975445760637194015e-01  -9.230741163984840236e-02
-9.726890153239198256e-01  -2.596393286285102533e-02
-1.172664313980118056e+00  -2.620653762379734908e-02
-1.397769717462417294e+00  3.248372768324787278e-04
-1.510476451675236476e+00  -5.523388932281880770e-02
-1.585799224026640752e+00  -2.620818188098628099e-01
-1.594884372953974783e+00  -3.838132092191829381e-01
-1.714018501447285736e+00  -4.003047896741205869e-01
-1.786086214689922569e+00  -3.220780965825515985e-01
-1.701821304247692623e+00  -2.503516175499636565e-01
-1.706963415612807067e+00  -1.706556006524081182e-01
-1.715241931733274772e+00  -1.812437568310864069e-02
-1.526103191289846395e+00  2.523619627821251932e-01
-1.353267406329978551e+00  5.865183822395990676e-01
-1.355652647317544979e+00  8.582104414649306401e-01
-1.298350776633294679e+00  1.138389036016575817e+00
-9.891433778242714192e-01  1.439177156546300296e+00
-6.258762293130265553e-01  1.714714356939318174e+00
-4.598771878088757648e-01  2.079142630085796473e+00
-3.089533793653514993e-01  2.441323439041490406e+00
-3.875900388954171133e-02  2.517106031166081781e+00
1.300337112929195738e-01  2.459092626823622396e+00
2.840773765441330090e-01  2.340021752420484713e+00
6.434397723267826219e-01  2.140358052821822898e+00
8.951705528460389694e-01  1.903150556968509211e+00
9.692107161247681679e-01  1.540815010919764694e+00
1.093932620669550326e+00  1.123077586676829220e+00
1.290779248220042641e+00  6.830272118129514514e-01
1.413264688575627481e+00  2.715562495837671175e-01
1.615128757266780735e+00  2.831052311157037857e-02
1.836531088398048572e+00  -2.321051046139145091e-01
1.763925931218438770e+00  -3.583749698038649067e-01
1.670429562667693490e+00  -3.338591085564238670e-01
1.789581958118030336e+00  -4.028142878004735694e-01
1.741234076033165490e+00  -4.260625762273996808e-01
1.652139281350308853e+00  -4.149283680170590127e-01
1.634073678227318860e+00  -2.901424324416490563e-01
1.382111171420472351e+00  -1.879087012065601137e-01
1.168408551621196390e+00  -1.199316698633519918e-01
1.129297328886724294e+00  9.175506537703319310e-02
9.839369084175069169e-01  5.456981035634291682e-02
8.236551034981710595e-01  -2.139598835430958634e-01
7.084692486229263730e-01  -2.544313439422241085e-01
5.140475091502800797e-01  -4.332793498904802254e-01
3.071520786017770122e-01  -6.536540031138722284e-01
1.079773283256634103e-01  -8.144913595726730460e-01
6.512795069263949133e-02  -1.123668580445900123e+00
4.243226543358528252e-02  -1.339811193592498118e+00
-3.065766297973612775e-02  -1.388445907436847371e+00
-2.120023490000430555e-01  -1.285184629699480441e+00
-4.293652811943813319e-01  -1.236886040881322923e+00
-3.313882020854908017e-01  -1.280320597008027361e+00
-3.311389171510374374e-01  -1.199385194278753453e+00
-3.858350658293551727e-01  -9.176892722166926086e-01
-2.357503686290609579e-01  -5.723660041820091138e-01
-1.828785262437412906e-01  -1.547585801149073126e-01
-1.664154367743798935e-01  1.835218288577223356e-01
-1.837479629763209832e-01  3.639489349751004466e-01
-1.616317682207643325e-01  5.824684875534342776e-01
-1.157325413415399434e-01  6.975518035219154811e-01
-6.072420061445183564e-02  7.750163372547866913e-01
2.095211971889303706e-02  7.442793233141533626e-01
7.510914198126546204e-02  4.985096089498465832e-01
2.537191263884214787e-01  3.973196939511669523e-01
2.768987084299778800e-01  1.319940133669161575e-01
2.131548490601267720e-01  -2.877744021651636452e-01
2.921613336663603233e-01  -6.028620020235975208e-01
3.344699410025527286e-01  -9.162791276808220919e-01
3.483068816590050853e-01  -1.227356839958142265e+00
3.561961886064466398e-01  -1.477808778872576889e+00
2.574329891504295587e-01  -1.545858506332970173e+00
9.467778238073024100e-02  -1.449660781732096781e+00
-3.391673054769914902e-02  -1.290718370653071823e+00
-1.200067969743557478e-01  -1.178711159894733074e+00
-1.483074234026568183e-01  -1.005869247966765467e+00
-2.055675481219854939e-01  -7.342270502478867034e-01
-4.481399314557753533e-01  -5.663114048532273959e-01
-7.190844878357478542e-01  -4.711985597561221817e-01
-8.257240874411911902e-01  -2.120979835584134721e-01
-9.992195332177112865e-01  -2.228083131354003169e-02
-1.154461966282655849e+00  3.720185816255354438e-02
-1.252083463813571607e+00  1.327737422391439548e-01
-1.378212777149373958e+00  4.665861842540856841e-02
-1.462499786228760756e+00  -2.632311328415489274e-02
-1.524777142010897535e+00  -1.082892584952232090e-01
-1.670992217779431632e+00  -2.804693153478978185e-01
-1.693165247701985399e+00  -2.752924437757753862e-01
-1.671035792897034966e+00  -2.478286756672336277e-01
-1.672552819569758320e+00  -3.486725439390637171e-01
-1.652727199075527231e+00  -3.040257410998231657e-01
-1.579371044388179213e+00  -4.954554114932654962e-02
-1.491055259087161078e+00  2.512738833843987107e-01
-1.520131250093272213e+00  6.106057334107730661e-01
-1.414903169123462368e+00  9.311577700277259284e-01
-1.259932021924908829e+00  1.190962082038339975e+00
-1.076450820165887556e+00  1.477355320550833406e+00
-8.490139712358275581e-01  1.789963757335248928e+00
-6.617358524453083035e-01  2.033213474365386020e+00
-3.363011126631688663e-01  2.277958917947101813e+00
-2.560970417291733026e-02  2.373989395548566250e+00
2.095979828126144084e-01  2.389084391186123035e+00
4.962542586618160501e-01  2.296602559661630405e+00
6.474098282667848370e-01  1.998393479584160470e+00
8.452433122722547987e-01  1.722759616683451123e+00
1.121062496397416730e+00  1.462525264563766747e+00
1.250043685944776772e+00  1.153424155160806208e+00
1.390932752399626660e+00  7.001011289890815004e-01
1.594522525538067503e+00  3.118761498259583487e-01
1.721137554441170670e+00  1.034477617805122651e-02
1.739208001965258044e+00  -2.414015878462499320e-01
1.798804661589313847e+00  -3.604951653717277660e-01
1.854939069056647405e+00  -3.715236068832516447e-01
1.814221887462150073e+00  -3.220585316646564222e-01
1.735809933657449511e+00  -3.269730981212227161e-01
1.708582015974466017e+00  -2.369093716545873918e-01
1.705112418725466261e+00  -1.660134321122287149e-01
1.575288864794157417e+00  -1.332855833331127171e-01
1.447844833161279876e+00  5.932406066628635039e-02
1.319303188760892809e+00  1.555933654871905769e-01
1.033176298111854408e+00  1.782110407550087372e-02
7.996620314064756263e-01  -6.474314583984891458e-02
6.960045470834358428e-01  -1.265793760852894634e-01
5.827158740929023750e-01  -3.648017670024761294e-01
4.363437980507057778e-01  -6.529906368106903614e-01
2.791304154196184162e-01  -8.711302817404800169e-01
5.480766949585778175e-02  -1.112262604241696318e+00
-1.141780867496593743e-01  -1.246982393117233689e+00
-1.950584231379789146e-01  -1.357191876506579797e+00
-2.924426155064254185e-01  -1.418945976707014278e+00
-2.932856617320953596e-01  -1.416569471388103851e+00
-3.001275660775122311e-01  -1.372466458447962667e+00
-3.850493476609435639e-01  -1.109809877173406845e+00
-3.666142419965552901e-01  -8.858182692502389877e-01
-3.368685884421241394e-01  -5.895145390891669557e-01
-3.660146395483494519e-01  -1.367974435327024563e-01
-3.329326704409520943e-01  2.673350941258199609e-01
-2.426812209610599014e-01  4.174966615879934784e-01
-1.248256004872136810e-01  4.743349324852447757e-01
-1.358392239263635781e-01  6.880928153838589134e-01
-9.965201860382101595e-02  7.498011958850269165e-01
6.086861306172113711e-02  5.797007520613217668e-01
1.794964676969320883e-01  4.712901891250306230e-01
2.080628885249209414e-01  4.146110330430844426e-01
3.045841499865307722e-01  2.242918767578936379e-01
3.927056944841004760e-01  -2.658069171326484237e-01
4.224179094663852996e-01  -7.377164206081910924e-01
4.468342273666693898e-01  -9.517456548639340319e-01
3.111952899662498440e-01  -1.049662420860809187e+00
2.838664970859777759e-01  -1.209027393042833021e+00
3.580316176637882708e-01  -1.458881699825615552e+00
2.448980700534676425e-01  -1.565772045116830213e+00
1.323250901661841561e-01  -1.518569576817296429e+00
1.059957455428916090e-01  -1.352043180398505351e+00
-2.132603266858509091e-03  -1.136715942966102455e+00
-1.368306622858936894e-01  -7.857461877770691716e-01
-4.021627572111963200e-01  -4.759882981984702166e-01
-6.248751721546390581e-01  -2.643547174793417498e-01
-7.073315266189947881e-01  -3.583969187099951548e-02
-8.673223008258138522e-01  8.607839637839566696e-03
-1.015338898440252269e+00  -4.113548317414440769e-02
-1.234336645959935419e+00  -6.175872420999986567e-02
-1.351161933222909672e+00  3.373183732703268368e-03
-1.504483833389162362e+00  -4.519860853855348776e-02
-1.705099875261550491e+00  -1.298451446493063821e-01
-1.771855683891949917e+00  -2.002646886235235069e-01
-1.803998191007349039e+00  -3.160425004518460090e-01
-1.843839557191042422e+00  -4.732143445730147557e-01
-1.814038089954844279e+00  -4.334566541788635874e-01
-1.762395685988275895e+00  -1.968817437582190133e-01
-1.736750736395565653e+00  -1.539520220731715183e-01
-1.650621080593010159e+00  2.215099019693027305e-02
-1.457485563062977496e+00  4.747155957624320521e-01
-1.213735258508217951e+00  8.421461118366221354e-01
-1.013650427549033894e+00  1.248811644978580659e+00
-8.457550260810795528e-01  1.578456089372202609e+00
-7.649710702326872891e-01  1.796074087402008690e+00
-6.455003441082064475e-01  2.156609953488557885e+00
-3.501671371359951213e-01  2.361055449408799856e+00
-6.338153202808141651e-02  2.353008853025154057e+00
2.347477097979175920e-01  2.423745251493168773e+00
4.835041926129283740e-01  2.377762359919715518e+00
6.249288526859799742e-01  2.135830232105464521e+00
8.750946505832107869e-01  1.887415517970327805e+00
1.020248756038856675e+00  1.445461440017169030e+00
1.153656406054019090e+00  9.809112239533002153e-01
1.377370333050430107e+00  7.226345042835112809e-01
1.556401936746565795e+00  4.023183313200039968e-01
1.688458386884545304e+00  1.119416217684754411e-01
1.648035261390454753e+00  -1.398138274695607808e-01
1.684939890970008847e+00  -4.512374646332401595e-01
1.722045396610266232e+00  -4.243529917521016159e-01
1.633725004705083306e+00  -4.353234165377303788e-01
1.675179687719635435e+00  -4.723894614176533113e-01
1.726940678364557558e+00  -3.763862584389093824e-01
1.566001575564486492e+00  -1.644137982838075052e-01
1.389768315146185707e+00  -4.487178128364399492e-03
1.261789879068172526e+00  6.582078494376802404e-03
1.029899864253705610e+00  7.032193447916053330e-02
9.702104443101019493e-01  -8.180623439678304243e-02
9.006058355399042537e-01  -2.505438572084474624e-01
6.331231812466152631e-01  -2.882363466554402898e-01
4.338624212325427609e-01  -3.558324824880906290e-01
4.137614050864886761e-01  -5.063556131545964289e-01
2.374547443380922163e-01  -7.201586501954415631e-01
-4.835684125544295608e-02  -9.310780926254593748e-01
-1.735595470792728190e-01  -1.155368675311870819e+00
-1.375141933586966625e-01  -1.387285447544717387e+00
-1.265046797010447033e-01  -1.407959615408099108e+00
-1.685655411495201317e-01  -1.404980565466292353e+00
-1.962619830803359888e-01  -1.281089069209914388e+00
-2.343531207725833565e-01  -9.126770169453850556e-01
-2.847549015668733863e-01  -6.835600899791000051e-01
-2.944837649537871416e-01  -4.156112797861888919e-01
-2.402462768871556353e-01  1.043680863753601584e-02
-1.692440529341239230e-01  2.377442925610294688e-01
-1.308799154803226283e-01  4.074111705316250109e-01
-6.850131705224654644e-02  6.661588618611321566e-01
5.186822680934638496e-02  7.625632227012757447e-01
1.262213166881426540e-01  7.178509064136913143e-01
2.343026906811841725e-01  5.919713706840878942e-01
1.887838620135948720e-01  5.169256584769522656e-01
8.818741961978010524e-02  2.881627205986089235e-01
2.488048691819926550e-01  5.149881901392054651e-02
3.898854553145314483e-01  -2.251717896294079813e-01
3.220734804421351294e-01  -5.580057770414947882e-01
3.832757490400796607e-01  -8.038805995240619895e-01
4.678358279265065200e-01  -1.156275287505611926e+00
3.879285666687695699e-01  -1.379543120100937825e+00
2.034240443642381657e-01  -1.440600417623482343e+00
9.613032976831689669e-02  -1.464831328776307728e+00
1.385094693233573371e-01  -1.456981132972504867e+00
9.113237146124866794e-02  -1.291408261730762064e+00
-1.091004845333628376e-01  -1.117143666193060492e+00
-3.693228504445804083e-01  -7.809156535987989978e-01
-4.682643652988918714e-01  -3.742108937212536568e-01
-6.293093276918504397e-01  -2.313726219472200807e-01
-7.534094538304778599e-01  -1.979156613522174146e-01
-8.044411627691763211e-01  -8.261984341236076890e-02
-9.847412969621677226e-01  5.995077667166300722e-02
-1.100922647611621841e+00  1.447220825328947857e-01
-1.357030587617168438e+00  9.552768104500608537e-02
-1.517740412650543158e+00  -1.515122987759699447e-01
-1.631330105841023892e+00  -1.882939940859293115e-01
-1.695705818668868270e+00  -3.002603897793916787e-01
-1.616669608411713588e+00  -5.186630950887998193e-01
-1.614247098880221332e+00  -4.601971215330090126e-01
-1.703822839914943099e+00  -4.611127781687851535e-01
-1.828071088966459978e+00  -2.973875461407468057e-01
-1.803084145678743422e+00  2.945598009657397418e-02
-1.610520435785955717e+00  1.523768966559365112e-01
-1.471607780546736910e+00  3.968078103366474707e-01
-1.381062309826811996e+00  8.242874681264796832e-01
-1.190591353594822488e+00  1.241042463385700012e+00
-1.015683444767531807e+00  1.564453338133266369e+00
-7.016984985122428631e-01  1.781707332321470494e+00
-4.480944958079942642e-01  2.135910196467077249e+00
-3.254808275847035914e-01  2.494183914936920043e+00
-1.394184756002608550e-01  2.539733899204169365e+00
1.153050183826911240e-01  2.510996165813566883e+00
4.377288737238332894e-01  2.390440645172727585e+00
7.491206549825465411e-01  2.031010040817540663e+00
9.158990661505521658e-01  1.657804219074396457e+00
1.047487341918896586e+00  1.361115312276281353e+00
1.246767252221638200e+00  1.100532704961148189e+00
1.472817101785068639e+00  7.042392012630046549e-01
1.616610493434064599e+00  3.030836466093881354e-01
1.586037428449775799e+00  1.001545272038467382e-01
1.666894487389828372e+00  -1.433421723879061416e-01
1.822352242213561180e+00  -3.769233245113414732e-01
1.787761901708458279e+00  -3.773514665484261066e-01
1.643074851428860450e+00  -4.019012854332259521e-01
1.536558530247513987e+00  -3.215356067029219722e-01
1.628378075409239178e+00  -2.440639442372764811e-01
1.622769933628112504e+00  -1.265602181000477222e-01
1.418167036004554626e+00  1.029655184631807913e-01
1.223565494480390425e+00  1.470506733222738116e-01
1.121112321901669429e+00  6.373592542825633200e-02
1.070149850884789533e+00  -7.526315199956776225e-02
9.602970568988307143e-01  -2.130210204996213774e-01
7.924585114866128377e-01  -4.081141471089891337e-01
6.298638340831348437e-01  -4.898784834394351306e-01
4.447197650012615355e-01  -6.014898634070005023e-01
1.997545329610740661e-01  -9.553973944258079554e-01
2.202514323944586294e-02  -1.128225068451204960e+00
-6.072031808567483063e-02  -1.284063927110256964e+00
-1.600868275776430871e-01  -1.508685656523157892e+00
-2.617834359706547875e-01  -1.434439238242946502e+00
-2.040684631286051043e-01  -1.379876083832259015e+00
-2.687536031490654342e-01  -1.260028420946980976e+00
-3.151904347619111646e-01  -1.002770691419881066e+00
-3.190834001186437785e-01  -8.231328450683725872e-01
-3.194223326286695919e-01  -5.421565646410104744e-01
-3.375352953529991429e-01  -1.256304980982349273e-01
-3.203359634933136135e-01  1.560597654682678859e-01
-2.605253811408921871e-01  4.739284863396015512e-01
-2.260714355493415317e-01  6.610927355457142385e-01
-5.457107387606190130e-02  6.997256573107288879e-01
6.074515960582680535e-02  7.060417869209147934e-01
9.075111616797734704e-02  7.183396801888976002e-01
1.473157476688404799e-01  7.157950620120254737e-01
2.419063886573225575e-01  4.650157074126340939e-01
2.986525884237716810e-01  1.979855331227860227e-02
4.004425517247690025e-01  -4.516565213065699136e-01
5.023088710150402925e-01  -7.283218221884319998e-01
3.995394140954215412e-01  -9.472591143632669297e-01
3.946072310628082058e-01  -1.148368512447097034e+00
4.700719422374377565e-01  -1.294465958851410692e+00
2.452171003153612583e-01  -1.472385822821057566e+00
8.466570588504132577e-02  -1.589297854228285400e+00
-8.146904103841313971e-03  -1.414594265471015300e+00
-3.475390044096606651e-02  -1.092469569489125769e+00
-5.722261636661377798e-02  -1.003061007408586391e+00
-2.610245457022067894e-01  -9.365089591814406145e-01
-4.559694444540298153e-01  -6.185180450821879949e-01
-6.268536243593966217e-01  -3.233748038788722412e-01
-7.575102907966276833e-01  -1.277297726152177570e-01
-8.680193158669227138e-01  4.533794924159437190e-02
-9.870705737604867913e-01  9.802365798364418015e-02
-1.214385351231407784e+00  1.289822590348131959e-01
-1.379821429270945421e+00  -1.643212841217041309e-02
-1.531055322268564778e+00  -1.527434732508272941e-01
-1.722609456020544494e+00  -1.236449709885757003e-01
-1.797888249319860243e+00  -3.098192363934724747e-01
-1.808048814263166548e+00  -4.997136601767100395e-01
-1.779374193929591730e+00  -3.963355372480601435e-01
-1.673126622639707239e+00  -3.344153135067317040e-01
-1.561573203074499983e+00  -4.010399455978611027e-01
-1.624011244035408419e+00  -1.059300421164106748e-01
-1.581780269495195457e+00  3.250139194836642043e-01
-1.336183990103154917e+00  6.669123234293872216e-01
-1.297480080766094446e+00  1.006555417809248398e+00
-1.162108896487015208e+00  1.365286141303291512e+00
-9.571440163550926084e-01  1.594044933851536783e+00
-8.222792893337108611e-01  1.852230841376571568e+00
-5.540325332563229566e-01  2.281411928448627613e+00
-2.166482059578617447e-01  2.412630646906905429e+00
1.806704973052940255e-02  2.463172779308340221e+00
1.498011117846530793e-01  2.411597291190064052e+00
3.184686423981894499e-01  2.297755358041186469e+00
5.250705589489518266e-01  2.185960223139106429e+00
7.354245689835201549e-01  1.881855736299637982e+00
9.858375531295588967e-01  1.443186933635513647e+00
1.292298760225282450e+00  1.002586940214768019e+00
1.365740894986827936e+00  7.223338053714276619e-01
1.449983255262918158e+00  3.569245172764877183e-01
1.652481903891159121e+00  -3.787697891164122643e-02
1.700825221343820193e+00  -3.105458493202575276e-01
1.706561888080801781e+00  -3.474693414405092273e-01
1.678106783333386476e+00  -3.498792331493175700e-01
1.644943876276074635e+00  -3.685702567341810898e-01
1.695834975545316148e+00  -3.189219496332494352e-01
1.692520328751239367e+00  -3.511363650426321814e-01
1.550293930926831987e+00  -1.533768916690002870e-01
1.469990706483474296e+00  1.186572239844046611e-01
1.438755831611734148e+00  5.526492592769100681e-02
1.189287450979976235e+00  -8.789789310241500134e-03
1.006922819731050023e+00  -8.749136702544599298e-02
7.960601489894874039e-01  -1.207084543966636531e-01
5.187423172377443326e-01  -9.994541163242037785e-02
3.921200304269317205e-01  -3.099710096474417309e-01
2.226325212563052824e-01  -6.126045067608915096e-01
6.794128168823296288e-02  -8.343272588757789654e-01
7.027828867258144319e-02  -1.003481187885979731e+00
-6.107191237516419735e-02  -1.298454284288864446e+00
-1.577776451933011470e-01  -1.489437603080973949e+00
-2.630976820237173608e-01  -1.470267588267720082e+00
-3.360599774303745790e-01  -1.410945264947804478e+00
-3.488050766087907317e-01  -1.228914426226822121e+00
-3.413213867301883031e-01  -9.283536517721922010e-01
-2.246346632231219498e-01  -6.959555754535441396e-01
-2.597125207358217946e-01  -4.766528265625432637e-01
-2.499015476117183443e-01  -6.911347881324921005e-02
-1.948310692520993370e-01  2.443193181121724455e-01
-8.202401958695056117e-02  4.050454452334263933e-01
-1.222946080655473861e-01  5.779705564336599100e-01
-1.570517388495190070e-01  6.964346672069198219e-01
7.572583100841150106e-02  8.400091602501531529e-01
1.031610254923357173e-01  8.346215302140668202e-01
1.323807219272975511e-01  5.000386735456802123e-01
2.551938319861838944e-01  1.828195074409818266e-01
3.306283574429403904e-01  -4.227034411352183912e-02
4.685846794929290904e-01  -3.684392881878636450e-01
4.712255713297389126e-01  -6.390144823734940083e-01
3.326128257994637738e-01  -8.529652634881783602e-01
2.686317838758526810e-01  -1.072296991442915903e+00
2.143093528874824572e-01  -1.321876260285308913e+00
2.467639822190585697e-01  -1.492867563687129806e+00
1.723253547244561479e-01  -1.385300941415729570e+00
2.147097656654208681e-02  -1.342955214422973942e+00
1.006850776866568403e-02  -1.346967069965202990e+00
-1.530688985216408227e-01  -1.008261531199332151e+00
-3.532376407332265544e-01  -6.515497888999318699e-01
-4.994383267450351882e-01  -5.324260699880291048e-01
-6.727089717405311253e-01  -4.264853718900055712e-01
-7.709803693758058296e-01  -1.230162017273821046e-01
-8.477060734466689285e-01  5.387360994431771022e-02
-1.114228121901011281e+00  -2.605133554339806104e-02
-1.322601703363831538e+00  2.580420172017703143e-02
-1.451571490436822653e+00  5.140583725333531390e-02
-1.463994778744901248e+00  -3.605079907475534223e-02
-1.555647428472621385e+00  -1.849075235766322323e-01
-1.744715119136303727e+00  -2.886823295548499591e-01
-1.822685792748236056e+00  -4.113255796409003295e-01
-1.856922525897933163e+00  -5.171404037228707340e-01
-1.708810842039499622e+00  -4.431350403758458900e-01
-1.681727021409815670e+00  -3.609367896656234809e-01
-1.732568314313949198e+00  -2.117565859093600011e-01
-1.625622500357955857e+00  1.680803603811558689e-01
-1.475634045597128630e+00  6.408865753796997300e-01
-1.343133205699018173e+00  9.950497479743370954e-01
-1.236610256145187714e+00  1.331166744344670860e+00
-9.183581720677043148e-01  1.679865247575283993e+00
-7.139619044259729597e-01  1.961654091149405810e+00
-4.929001672767768794e-01  2.181519708421981729e+00
-1.267565881206307310e-01  2.414434104261035330e+00
-8.872338280319779988e-03  2.497933401427044231e+00
1.912081905768836798e-01  2.484072737740913084e+00
3.904183205738608331e-01  2.258997492183654199e+00
6.199006387100689519e-01  1.888290223990344741e+00
9.577589640132324611e-01  1.640349483916826223e+00
1.190267486590272927e+00  1.400185073583082307e+00
1.294027927498936137e+00  1.015196380267225917e+00
1.341125922155980366e+00  5.377177775403809701e-01
1.537745195666670783e+00  1.483027103610377595e-01
1.706577453061167038e+00  -1.482069355963044899e-01
1.708744311867168575e+00  -2.202076138046411558e-01
1.680341323601170389e+00  -2.933495258430225405e-01
1.792732035473622476e+00  -3.424462383589674253e-01
1.836413738612697522e+00  -3.873416898766816052e-01
1.728502950171030728e+00  -3.495003135641585601e-01
1.669968033923277639e+00  -1.089024535682169559e-01
1.489274577258365762e+00  -5.133975826496019190e-02
1.371548828255741315e+00  -1.241862211296441143e-01
1.228264552248842678e+00  -1.364160441962465886e-01
1.032734531734490480e+00  -1.068730701420201323e-01
1.021103694578177512e+00  -2.372055599008299209e-02
9.664245451200756953e-01  -7.970147754484137315e-02
7.593460421751256906e-01  -3.784993833482148129e-01
5.911512504820838343e-01  -6.187449784888225945e-01
3.548548524446770713e-01  -7.844173439810855353e-01
5.159991416205459563e-02  -1.029829388776023258e+00
-5.308514044612808180e-02  -1.137708813136746988e+00
-1.910173085613757547e-04  -1.257804134458955891e+00
-1.120594270633025746e-01  -1.428510774190387966e+00
-2.586238970639608281e-01  -1.412452172731916589e+00
