0.000000000000000000e+00  1.000000000000000056e-01  1.000000000000000000e+01  6.926822861924568364e-02  1.321882572821005519e+00  1.415747561566493395e+00
1.000000000000000000e+00  1.199999999999999956e-01  1.000000000000000000e+01  8.481434617649435959e-02  1.420631179884467743e+00  1.489302679577126476e+00
2.000000000000000000e+00  1.439999999999999891e-01  1.000000000000000000e+01  8.483404865676529016e-02  1.334244231077988063e+00  1.419453850339964518e+00
3.000000000000000000e+00  1.727999999999999814e-01  9.000000000000000000e+00  9.306923664170679844e-02  1.537718846992228494e+00  1.555485511092030260e+00
4.000000000000000000e+00  2.073599999999999610e-01  7.000000000000000000e+00  1.098605474540030880e-01  1.369188465557087842e+00  1.366439270143409157e+00
5.000000000000000000e+00  2.488319999999999421e-01  7.000000000000000000e+00  1.147447643846060267e-01  1.384961437651238914e+00  1.379598186552114525e+00
6.000000000000000000e+00  2.985983999999999305e-01  7.000000000000000000e+00  1.324724264678034946e-01  1.142053176353931221e+00  1.346917545872801547e+00
7.000000000000000000e+00  3.583180799999999278e-01  4.000000000000000000e+00  1.757328501429810674e-01  7.120925470474840369e-01  8.524853669778547083e-01
8.000000000000000000e+00  4.299816959999999133e-01  4.000000000000000000e+00  2.016823447146621207e-01  7.407894994235237895e-01  9.443350459646108197e-01
9.000000000000000000e+00  5.159780351999998516e-01  3.000000000000000000e+00  4.079083848082742381e-01  7.647207569742486832e-01  1.012792405421014008e+00
