2.642308896718948308e+00  2.626405006352619531e-02  -3.222982911251943139e-01
2.546626439116821405e+00  5.074189919485114914e-02  -3.321841681019662151e-01
2.469813477745601560e+00  8.443314877670821117e-02  -2.809057524441331832e-01
2.326708274002279975e+00  1.236524413545977696e-01  -1.643237923642615617e-01
2.046810290910851649e+00  1.756908289691764824e-01  -6.576964718532814225e-02
1.665433167277309501e+00  2.639274844998694691e-01  -6.637160428596873725e-03
1.281378988521439943e+00  4.023899128556802651e-01  2.884233231504626516e-02
9.151220945799198869e-01  5.899923458460551995e-01  1.359449384034718267e-01
5.789470389656189431e-01  8.165810597387446190e-01  2.860214140895500079e-01
2.608210932386814673e-01  1.019050162089573552e+00  4.332772396356127098e-01
-2.707190280870959767e-02  1.093020278969226045e+00  5.502357068771591697e-01
-2.580181573077663937e-01  1.099393277375959377e+00  5.918058146413726073e-01
-4.159893967784145108e-01  1.160230719923226683e+00  6.453528498528596780e-01
-5.107721408590739642e-01  1.253746788669986456e+00  7.060860401948282350e-01
-5.676417873137457049e-01  1.366870026422020601e+00  7.711309263314483076e-01
-6.211670598790665077e-01  1.463250790807677282e+00  8.387628272013025743e-01
-6.726857067379433675e-01  1.625604233423264766e+00  8.793419684248502399e-01
-7.230003795549487799e-01  1.751523120764106656e+00  9.036894517960946116e-01
-7.337856985454491721e-01  1.874585800379178435e+00  9.182979452140738186e-01
-7.208534059314056774e-01  1.957925670895958037e+00  9.842729674382559857e-01
-6.936905463562770269e-01  2.017431882774157970e+00  1.081067915119864109e+00
-6.773928278452232554e-01  2.053135603210455518e+00  1.224959792749538146e+00
-6.482107099900802361e-01  2.055553289870725386e+00  1.568739661248751194e+00
-6.112979545329795261e-01  2.076008447462063256e+00  2.089662279020117364e+00
-5.891503026680584565e-01  2.012263366344889448e+00  2.774080453522210554e+00
-5.758617122276908917e-01  1.926504970441847320e+00  3.127521430697763005e+00
-5.678885565917300982e-01  1.789529487805184393e+00  3.053536304470534368e+00
-5.242976917190693698e-01  1.650330568123975716e+00  2.551465713192272666e+00
-4.787396887812463975e-01  1.462286252467470238e+00  1.964173652713758544e+00
-4.320014009559191015e-01  1.263939224650711290e+00  1.468773536380223455e+00
-3.845549414962650681e-01  9.928946935668372387e-01  1.057113594487269603e+00
-3.366835811128731648e-01  7.162407261922806301e-01  7.243027142122787643e-01
-2.691537906222570276e-01  4.172165480805931081e-01  4.674062653361695241e-01
-2.092324350889399609e-01  1.902906922386954913e-01  2.274534770718287802e-01
-1.538761315290756160e-01  2.562836687105752437e-02  2.627186322720237791e-02
-1.012588667976206669e-01  -1.016758390945242951e-01  -1.802520147685656993e-01
-3.088153410615713731e-02  -2.445742584313868317e-01  -3.327713117178381919e-01
6.955531917202496806e-02  -4.253360150247134652e-01  -4.814928326371558098e-01
1.686244026366952864e-01  -6.098112335040933862e-01  -6.279356856636625350e-01
2.862763106764855126e-01  -7.585054476994126382e-01  -7.730113379242391503e-01
4.150779134872519816e-01  -8.572242463403340063e-01  -8.886617012120039405e-01
5.699728187868218221e-01  -9.069532567353023600e-01  -9.580519191882900243e-01
7.405237035401829315e-01  -9.367906616519628971e-01  -9.996860459081505779e-01
9.592751494822774339e-01  -9.546931039145750697e-01  -1.024666536212001766e+00
1.206946923206865252e+00  -9.559322991648453449e-01  -1.068259790078983862e+00
1.491374383093040823e+00  -9.376712734255936432e-01  -1.123020734718903624e+00
1.836662216508399892e+00  -8.221896840363746017e-01  -1.213087222242589913e+00
2.296080237690251824e+00  -6.198689394286868160e-01  -1.181312223453211185e+00
2.649344990602695571e+00  -4.129560596230499314e-01  -1.076432288686844707e+00
2.822496889523166352e+00  -2.888083297550442241e-01  -8.704794790584471365e-01
2.751756661764097611e+00  -2.618310477675496739e-01  -7.469077844103088060e-01
2.592891618258327924e+00  -2.551469480032916848e-01  -7.013697449783020677e-01
2.381151664628482933e+00  -2.511364881296614948e-01  -7.026518919079580705e-01
2.157090251647098444e+00  -2.392279421088490954e-01  -7.034211800763731093e-01
1.964442964292889560e+00  -1.845714605625387028e-01  -6.180678419638551135e-01
1.751837151085021915e+00  -1.137684907161563425e-01  -5.668558383773859566e-01
1.527256263861124230e+00  -2.377535380612907229e-02  -5.075236649979013581e-01
1.256683306810157941e+00  3.972279809075706519e-02  -5.005293321961129527e-01
9.779186381990450094e-01  1.348353126501439236e-01  -4.391227920679148244e-01
6.942389032359537193e-01  2.489164443528883996e-01  -3.164639583089851049e-01
4.270136415554020570e-01  3.933832886594231248e-01  -1.570537466751691091e-01
1.696610555118436281e-01  5.180724785228657536e-01  -3.280265013933337387e-02
-6.236444045026022509e-02  6.308950755728578441e-01  4.174800865637449954e-02
-2.597901962807467324e-01  7.365977155845340185e-01  8.647840392157542244e-02
-4.170526184969185479e-01  8.380283800596041166e-01  1.419216099608697768e-01
-5.696205280037680563e-01  9.083890501780277349e-01  1.751875354289135767e-01
-6.805647590957268900e-01  9.601077237275077447e-01  2.237520609303995656e-01
-7.471312998321948395e-01  1.029148006280558247e+00  2.814957495233072482e-01
-7.676677381784556831e-01  1.118083534430641457e+00  3.447469318775244762e-01
-7.799896018945521314e-01  1.228458472004418045e+00  3.826976413048333581e-01
-7.873827194220481829e-01  1.294683439920355061e+00  4.054680649102603840e-01
-7.918185906105320582e-01  1.353422952872455953e+00  5.049452280967167139e-01
-7.944801133335839260e-01  1.388666680743625426e+00  6.218414678031636278e-01
-7.960770248950912453e-01  1.457324264685025073e+00  8.350040644724470162e-01
-7.776316864463311829e-01  1.508021071042809025e+00  1.163136410350353422e+00
-7.471609959120927291e-01  1.547941417609513426e+00  1.617460564604339623e+00
-7.094750982692796804e-01  1.552889079945274364e+00  2.004474938753393776e+00
-6.868635590077357689e-01  1.536853151891938829e+00  2.150868665142307012e+00
-6.732966368169969185e-01  1.479720241132849390e+00  2.067075070745492571e+00
-6.651564821247326620e-01  1.350417786847631918e+00  2.016798920911468063e+00
-6.602723906735763482e-01  1.168311343701486038e+00  2.072448135909422451e+00
-6.379384504150428237e-01  9.830293048233417208e-01  1.991417762222972510e+00
-6.051346015445460136e-01  7.673351169328966881e-01  1.685354796081694806e+00
-5.466453186965015698e-01  5.238913521338319779e-01  1.215667317479419030e+00
-4.921482629108589468e-01  2.257887627330095737e-01  8.480399342396865991e-01
-4.400465433570297513e-01  -1.008641561677272973e-02  5.702535631463525601e-01
-4.087855123097109966e-01  -1.896206044288850368e-01  2.891618541281521515e-01
-3.706254069114534033e-01  -3.258479307604918995e-01  3.469191875644441619e-02
-3.089223722087373614e-01  -4.455934069941510089e-01  -2.038049534879875779e-01
-2.330935812748933522e-01  -5.554497751862234045e-01  -4.041130186588374751e-01
-1.487893359429215689e-01  -6.688749486940699374e-01  -5.815077985985290798e-01
-7.880330388614549542e-02  -7.939436768360881302e-01  -7.737595776249781565e-01
2.139877329102196635e-02  -9.069939955369907825e-01  -9.463205943344696891e-01
1.203269924663881857e-01  -1.012833277931520115e+00  -1.078462158630047574e+00
2.378943793214619296e-01  -1.095341394297022264e+00  -1.157747105328257309e+00
3.860487553438998742e-01  -1.144846266112091948e+00  -1.176713076261057367e+00
5.913622940196401334e-01  -1.117535539013810642e+00  -1.159487715463136448e+00
8.309713295350952267e-01  -1.044135482733827391e+00  -1.149152492206261256e+00
1.110561156900697233e+00  -8.860682002343255315e-01  -1.200161326594838096e+00
1.452946421830907608e+00  -6.011824365110557400e-01  -1.202161643055118301e+00
1.794201987539600474e+00  -3.352282623913572790e-01  -1.117546917809833396e+00
2.018358792993981687e+00  -1.756557599478728859e-01  -9.809631621036748461e-01
2.017028482691939129e+00  -1.939395051893253452e-01  -8.704079408253939665e-01
1.880405889083944793e+00  -2.429188361500347615e-01  -8.040748094000604862e-01
1.682011446854142056e+00  -2.913109729269813819e-01  -7.642749298674648140e-01
1.504764307346777796e+00  -3.298485271343256087e-01  -7.689999734019268285e-01
1.320802090371705262e+00  -3.244642459528633838e-01  -7.146250597688695860e-01
1.132810799266752433e+00  -2.737223260240189138e-01  -6.247901697790851916e-01
9.229986100791309767e-01  -1.577567369971327738e-01  -5.422842665661482542e-01
7.000938620165358950e-01  -4.066603229811526637e-02  -4.927807225919094702e-01
5.275440451287867205e-01  8.660201438152667630e-02  -4.344736276701977595e-01
3.464002127615622428e-01  2.104741956365478728e-01  -2.850694904774732641e-01
1.600999710796983111e-01  3.513133971395274724e-01  -1.954270074711507432e-01
-8.750457510941039851e-02  5.308396247117311839e-01  -8.443157652008750902e-02
-3.136812471479189512e-01  7.335780664237543380e-01  -1.783431630415109950e-02
-4.881942204904038962e-01  9.122347635198850835e-01  7.933397958361990132e-02
-6.317089759544747274e-01  1.019428771064056161e+00  1.376349584754086031e-01
-7.372213139493728473e-01  1.045736093123006638e+00  1.726155455370161629e-01
-8.199322021262205329e-01  1.023511398533556660e+00  2.508138389435020099e-01
-8.695587357235440296e-01  1.048185664912352655e+00  3.263377828217198240e-01
-8.993346544925232555e-01  1.120003848098438670e+00  4.002571190566406867e-01
-9.172002071308199556e-01  1.239112913539661909e+00  4.160037515519305895e-01
-9.279195359637952834e-01  1.310578360853133173e+00  4.254517310810824182e-01
-9.343511353429305721e-01  1.391466727141858817e+00  4.883304592511164555e-01
-9.382100963682462602e-01  1.430497484201222136e+00  5.546626660474678339e-01
-9.211219889717443543e-01  1.463418201145630926e+00  7.374868443383173489e-01
-8.914656391539901303e-01  1.473668341753335609e+00  1.219045967357246907e+00
-8.542683410741833683e-01  1.508325227723962492e+00  1.822636107959959562e+00
-8.319499608564937532e-01  1.548123925037977910e+00  2.442234939681052985e+00
-8.185589341065840907e-01  1.543496321664170612e+00  2.670969366846533521e+00
-8.105243194617840485e-01  1.521715234181198806e+00  2.550765288007843523e+00
-8.057035499483650165e-01  1.423126129886461699e+00  2.106778216466246523e+00
-7.834076007752123205e-01  1.278452255750359257e+00  1.582941245175978340e+00
-7.506265458655260181e-01  1.058616132220564943e+00  1.154219197126874707e+00
-7.115544296447529060e-01  8.221894828488990337e-01  8.397760217427925333e-01
-6.881111578048815236e-01  5.568039669797573143e-01  5.652952224754901334e-01
-6.740451947162457991e-01  3.025499556665359746e-01  3.720017628141519817e-01
-6.462021314682910855e-01  6.447711274456045805e-02  2.274207184828417883e-01
-6.100928088451058606e-01  -1.543847599587410968e-01  1.120671183386509062e-01
-5.496202437669658325e-01  -3.617200478144248499e-01  -4.295995277395760203e-02
-4.745297318726989788e-01  -5.526371142735203579e-01  -2.503960763681035706e-01
-3.906684553229778367e-01  -7.337032482967965619e-01  -4.606726606008062497e-01
-3.209482012691786679e-01  -9.088588322611260706e-01  -6.440485516177943959e-01
-2.597125654770884862e-01  -1.080468078801702481e+00  -7.826790581543623393e-01
-1.841642111749878796e-01  -1.211940425644556951e+00  -8.944623333390417930e-01
-8.062474379774065003e-02  -1.319330648793586525e+00  -9.615322964024124452e-01
2.030590969429706127e-02  -1.393267058820282012e+00  -1.001774261351206174e+00
1.390747572262170106e-01  -1.437628911571536161e+00  -1.025919462736807342e+00
2.685465219330592235e-01  -1.454743747060494252e+00  -1.040406560469456565e+00
4.432470116303244834e-01  -1.455510378923758008e+00  -1.077703819566813603e+00
6.644882185742503333e-01  -1.408458990670036659e+00  -1.157292075391493702e+00
9.718643091857238625e-01  -1.237694099339233134e+00  -1.205045062893670416e+00
1.311517854997341637e+00  -1.049714721429269026e+00  -1.147881926690270893e+00
1.554116953927899392e+00  -8.989180316825237105e-01  -1.027769149565767037e+00
1.602659006366285555e+00  -8.559513609972178028e-01  -8.984915339792709510e-01
1.476556336722885776e+00  -8.396736307185758141e-01  -8.495299365408561787e-01
1.323280808591554170e+00  -8.394092633399666825e-01  -8.201529787907281266e-01
1.270122451435280908e+00  -8.582551851601214477e-01  -8.311317740288517442e-01
1.626297158789877573e+00  -8.505581960070177638e-01  -8.091140806109861083e-01
2.014633336524553897e+00  -8.174331881475351835e-01  -7.959034665897517513e-01
2.170021082244567356e+00  -7.500468322131204069e-01  -7.307671563442937890e-01
1.778166581052033068e+00  -6.526013952989274669e-01  -6.344754304215939333e-01
1.193791149504272342e+00  -5.466227798987977060e-01  -5.194904523438842459e-01
6.685345324430970182e-01  -4.260219879354086303e-01  -3.932895236699854302e-01
2.563631404489799537e-01  -2.586388046060828505e-01  -2.889639972539725377e-01
-6.855364647316578020e-02  -1.011952734488212741e-01  -1.405537698655146550e-01
-3.411176588386758413e-01  2.177765878653821832e-02  -2.290266453837342189e-02
-5.628665227993403519e-01  6.705460477472684200e-02  4.768800097425057727e-02
-7.153193253867027313e-01  1.037230433456915041e-01  6.143742891040618326e-02
-8.067910103912342423e-01  1.257241059633860125e-01  4.108211520314007659e-02
-8.616740220701345487e-01  1.389247442337471772e-01  2.886892702794888882e-02
-8.946038304811868569e-01  1.658496694270296112e-01  1.359608946778947947e-01
-9.143617141100239820e-01  2.580227887796224806e-01  2.860309864854883588e-01
-9.262164450053531617e-01  3.798425558690831094e-01  4.332829810400004034e-01
-9.333292814541332971e-01  4.814412244612105707e-01  4.358192680593268586e-01
-9.570004687482351891e-01  5.519026997630852582e-01  4.087360710983246048e-01
-9.712031817683514090e-01  5.846773134922110815e-01  3.924861522150951965e-01
-9.797248095825611403e-01  6.233466253149670955e-01  4.685511112638472975e-01
-9.654343008779274760e-01  6.560504805028218867e-01  8.288447758696093626e-01
-9.568599929244021585e-01  6.946773358369404683e-01  1.302465703653089113e+00
-9.517154109124802419e-01  7.368579899276443967e-01  1.815478024208355912e+00
-9.292251756132354767e-01  7.621663823882404154e-01  1.923050620505937669e+00
-8.963275483326021975e-01  7.868536859749380996e-01  1.758754427312254842e+00
-8.571854845242972143e-01  7.636569850055489050e-01  1.345522028325894404e+00
-8.337002469215125666e-01  6.927253417502386990e-01  9.259527546424844990e-01
-8.196091050483338414e-01  5.171345681534155192e-01  5.597913013633186718e-01
-8.111544212959933553e-01  2.977528575810859390e-01  2.828844977550881157e-01
-8.060816083018919054e-01  6.159885550763263828e-02  8.813544437925102670e-02
-8.030379211895697367e-01  -1.656139800911335946e-01  -2.871398703552579396e-02
-8.012117082394601963e-01  -3.779598474028719179e-01  -1.274286157782904549e-01
-7.807124971227195065e-01  -5.813855335869212437e-01  -1.580524245435932784e-01
-7.490094844020525056e-01  -7.224454888865883273e-01  -1.478217371093475396e-01
-6.911807045781475090e-01  -8.545928146233181533e-01  -1.702882975390692111e-01
-6.370799492232047667e-01  -9.813925552994232637e-01  -2.981881133437085385e-01
-5.852160126987242528e-01  -1.142992839413964345e+00  -5.465578256078543751e-01
-5.346941653988316334e-01  -1.287464348374496970e+00  -7.527895917786364688e-01
-4.655740855634762920e-01  -1.412156342899114181e+00  -9.337386021625108112e-01
-3.658915793721274623e-01  -1.496473802373962547e+00  -1.042307991387627197e+00
-2.478716181060088286e-01  -1.556566554218323351e+00  -1.164659576251489304e+00
-9.944570082430836955e-02  -1.602124501629660580e+00  -1.266675477363553570e+00
6.722379185205272500e-02  -1.629459249931635378e+00  -1.327885024807666126e+00
2.448394297292227351e-01  -1.645860125747506286e+00  -1.364610760099852271e+00
4.096192690003354619e-01  -1.608189283867604846e+00  -1.443856162792345854e+00
6.637150590604078415e-01  -1.471559558881823326e+00  -1.520008375001344003e+00
8.937864746531118953e-01  -1.285056726455049647e+00  -1.479884770210371459e+00
1.090039798166145824e+00  -1.125643666408757015e+00  -1.341390704662246636e+00
1.110774362572434226e+00  -1.058502638677991214e+00  -1.172479387601697232e+00
1.045601153424492669e+00  -1.056227099814116333e+00  -1.099737554325328714e+00
9.288832683766153897e-01  -1.083368604927193779e+00  -1.056092481550646944e+00
8.006420825578611788e-01  -1.128160323058028824e+00  -1.029905407286176189e+00
6.848904058220787183e-01  -1.126528525485703591e+00  -9.855882119019332421e-01
5.572289436050597011e-01  -1.087540342343582989e+00  -9.303929084545387029e-01
4.030181198631249129e-01  -1.007133812425148767e+00  -8.972757345403622464e-01
2.328776837119624354e-01  -9.398853770669364227e-01  -8.488004575762179149e-01
3.377599262365169747e-02  -8.900340497739943624e-01  -7.911103214975258036e-01
-1.438954774936616887e-01  -8.411187037936593835e-01  -6.706813281363976920e-01
-3.087088174624018078e-01  -7.737604117297520734e-01  -5.698189615543791664e-01
-4.464037918812087113e-01  -6.763318131221496277e-01  -4.806965710533277480e-01
-5.872312341119083623e-01  -5.608610299014104017e-01  -3.986181668638220099e-01
-7.105346702449029106e-01  -4.060581276046697496e-01  -3.207661530759717272e-01
-8.039202152239994792e-01  -2.561627594968157728e-01  -2.454499742121575012e-01
-8.599515415033642807e-01  -1.757278101121442782e-01  -2.288652381692075910e-01
-9.129738226584311889e-01  -1.464713793657270446e-01  -1.330994861877997648e-01
-9.641906940245226210e-01  -1.099129823665480482e-01  -1.843009209586069647e-02
-1.014324304336030602e+00  -2.457509464556834923e-03  1.075814855241766094e-01
-1.044404466380350227e+00  1.475362079782360780e-01  1.545834601454770529e-01
-1.062452550475248447e+00  2.850437920285207039e-01  1.827846451907919889e-01
-1.073281394009920175e+00  4.150596960465125496e-01  2.283103281316379851e-01
-1.079778693213502727e+00  5.025715119293586719e-01  2.842307084967348740e-01
-1.064273579039331841e+00  6.025899546910133964e-01  4.035978463833468366e-01
-1.035567037599673279e+00  6.721032904912543904e-01  7.040578766885030593e-01
-9.989396404738435375e-01  7.138112906210980491e-01  1.113173679150831097e+00
-9.769632077258895153e-01  7.008270075568081570e-01  1.558877960058461909e+00
-9.637773404482207207e-01  6.360228163625579745e-01  1.711880668101231295e+00
-9.558658166525983990e-01  5.401266762560071877e-01  1.574842487549132253e+00
-9.511189037470700880e-01  4.160730987506615075e-01  1.206569876899521221e+00
-9.482707573818361935e-01  2.941295989913719211e-01  8.425814515382380465e-01
-9.465618702425553366e-01  1.259407936647140847e-01  7.958182374388517166e-01
-9.455365359016507654e-01  -6.999519692355932188e-02  7.963652727462114944e-01
-9.255178471451217526e-01  -3.015840373414457321e-01  7.394835541465246687e-01
-8.941031512738899512e-01  -5.260577789895757306e-01  4.479097932550016870e-01
-8.558508504286017615e-01  -7.367601873543516700e-01  1.871506229836614466e-01
-8.328994685473727344e-01  -9.201952476857754304e-01  2.090149019971032120e-03
-7.997251512532037587e-01  -1.068265367036639768e+00  -1.947610456965563341e-01
-7.604170734125650366e-01  -1.185614265751417928e+00  -4.272916434553056253e-01
-7.174287433730880403e-01  -1.313037229003369388e+00  -6.526249105660634209e-01
-6.916357474319076992e-01  -1.446504643743918184e+00  -8.450348146894193224e-01
-6.567564658742736095e-01  -1.583598689134975368e+00  -9.890857386042267718e-01
-5.970219240777914216e-01  -1.694361944824568145e+00  -1.132726224574489127e+00
-5.029707400430474262e-01  -1.770322140814414746e+00  -1.218910524312826205e+00
-4.077330567615831680e-01  -1.815898271810175046e+00  -1.299226059766987795e+00
-3.117834760236490310e-01  -1.843243957127252308e+00  -1.347415381039193560e+00
-2.154067581952351929e-01  -1.859651375018136710e+00  -1.404933937580421954e+00
-1.187737563613670971e-01  -1.859993542921834164e+00  -1.439445064729480750e+00
-2.198698495058819605e-02  -1.822189745756524148e+00  -1.488756731977717962e+00
1.136990204546038524e-01  -1.694982503619171021e+00  -1.518343739111640334e+00
2.921280523621302416e-01  -1.514133174328863962e+00  -1.450281038466705308e+00
1.043770557940443489e+00  -1.003772018907619801e+00  -1.124534536918634808e+00
1.690443464489235437e+00  -6.217927690526886542e-01  -8.079480536240810640e-01
2.281320221791487857e+00  -3.263449615361850298e-01  -5.826725065916155133e-01
